N  0  0  0  104.0851595377075,30.60998611652987 104.0854779014314,30.61000762310544 104.0854020889601,30.60833813655027 104.0850212950154,30.60843298007128
N  0  1  0  104.0854779014314,30.61000762310544 104.0857800321198,30.61003435560815 104.0857549133252,30.60825491363006 104.0854020889601,30.60833813655027
N  0  2  0  104.0857800321198,30.61003435560815 104.0860656611629,30.61006550444732 104.0860858144306,30.60818157563659 104.0857549133252,30.60825491363006
N  1  0  0  104.0850212950154,30.60843298007128 104.0854020889601,30.60833813655027 104.0849596481921,30.60655971153979 104.0846432984103,30.60672763145268
N  1  1  0  104.0854020889601,30.60833813655027 104.0857549133252,30.60825491363006 104.0852760594048,30.60639175765038 104.0849596481921,30.60655971153979
N  1  2  0  104.0857549133252,30.60825491363006 104.0860858144306,30.60818157563659 104.0855923872889,30.6062238466242 104.0852760594048,30.60639175765038
N  2  0  0  104.0846432984103,30.60672763145268 104.0849596481921,30.60655971153979 104.0834592255152,30.60480113037506 104.0832641843702,30.60500246706937
N  2  1  0  104.0849596481921,30.60655971153979 104.0852760594048,30.60639175765038 104.08365754808,30.60459122599673 104.0834592255152,30.60480113037506
N  2  2  0  104.0852760594048,30.60639175765038 104.0855923872889,30.6062238466242 104.083857431895,30.60437401710167 104.08365754808,30.60459122599673
N  3  0  0  104.0832641843702,30.60500246706937 104.0834592255152,30.60480113037506 104.0808994852898,30.60413315675079 104.0807124545122,30.60437268575773
N  3  1  0  104.0834592255152,30.60480113037506 104.08365754808,30.60459122599673 104.081078104875,30.60389892576968 104.0808994852898,30.60413315675079
N  3  2  0  104.08365754808,30.60459122599673 104.083857431895,30.60437401710167 104.0812494808268,30.60366781361289 104.081078104875,30.60389892576968
N  4  0  0  104.0807124545122,30.60437268575773 104.0808994852898,30.60413315675079 104.0795458262968,30.60332987525475 104.079355858309,30.60351985238245
N  4  1  0  104.0808994852898,30.60413315675079 104.081078104875,30.60389892576968 104.0797357935342,30.60313989783538 104.0795458262968,30.60332987525475
N  4  2  0  104.081078104875,30.60389892576968 104.0812494808268,30.60366781361289 104.0799257555222,30.60294992462361 104.0797357935342,30.60313989783538
N  5  0  0  104.079355858309,30.60351985238245 104.0795458262968,30.60332987525475 104.0792473338838,30.60284526650478 104.0790446195735,30.60299940229639
N  5  1  0  104.0795458262968,30.60332987525475 104.0797357935342,30.60313989783538 104.0794660558699,30.60268826525432 104.0792473338838,30.60284526650478
N  5  2  0  104.0797357935342,30.60313989783538 104.0799257555222,30.60294992462361 104.0796946979634,30.6025287760231 104.0794660558699,30.60268826525432
N  6  0  0  104.0790446195735,30.60299940229639 104.0792473338838,30.60284526650478 104.0791068786179,30.60250069121954 104.078870688832,30.60263746412384
N  6  1  0  104.0792473338838,30.60284526650478 104.0794660558699,30.60268826525432 104.0793568196318,30.60236603764105 104.0791068786179,30.60250069121954
N  6  2  0  104.0794660558699,30.60268826525432 104.0796946979634,30.6025287760231 104.0796212007373,30.60223200829065 104.0793568196318,30.60236603764105
N  7  0  0  104.078870688832,30.60263746412384 104.0791068786179,30.60250069121954 104.078998391766,30.60192725239639 104.0787207543108,30.60202104349462
N  7  1  0  104.0791068786179,30.60250069121954 104.0793568196318,30.60236603764105 104.0792761007124,30.60183343636587 104.078998391766,30.60192725239639
N  7  2  0  104.0793568196318,30.60236603764105 104.0796212007373,30.60223200829065 104.0795537367682,30.60173964417834 104.0792761007124,30.60183343636587
N  8  0  0  104.0787207543108,30.60202104349462 104.078998391766,30.60192725239639 104.0791767190413,30.59994111363535 104.0788092533927,30.59998376453535
N  8  1  0  104.078998391766,30.60192725239639 104.0792761007124,30.60183343636587 104.0795352062759,30.5999069408661 104.0791767190413,30.59994111363535
N  8  2  0  104.0792761007124,30.60183343636587 104.0795537367682,30.60173964417834 104.0798892218376,30.59988187287791 104.0795352062759,30.5999069408661
N  9  0  0  104.0788092533927,30.59998376453535 104.0791767190413,30.59994111363535 104.0801101219031,30.59657568346447 104.0797417837456,30.59660910271913
N  9  1  0  104.0791767190413,30.59994111363535 104.0795352062759,30.5999069408661 104.0804762398357,30.59653162249011 104.0801101219031,30.59657568346447
N  9  2  0  104.0795352062759,30.5999069408661 104.0798892218376,30.59988187287791 104.0808456810986,30.59647797926674 104.0804762398357,30.59653162249011
N  10  0  0  104.0797417837456,30.59660910271913 104.0801101219031,30.59657568346447 104.0807557167032,30.59392845865624 104.0805241606583,30.59402658148544
N  10  1  0  104.0801101219031,30.59657568346447 104.0804762398357,30.59653162249011 104.0809873552621,30.59383030024385 104.0807557167032,30.59392845865624
N  10  2  0  104.0804762398357,30.59653162249011 104.0808456810986,30.59647797926674 104.081218909861,30.59373217679275 104.0809873552621,30.59383030024385
N  11  0  0  104.0805241606583,30.59402658148544 104.0807557167032,30.59392845865624 104.0795624608187,30.59301949991347 104.0793136177876,30.59321622410701
N  11  1  0  104.0807557167032,30.59392845865624 104.0809873552621,30.59383030024385 104.0798339445073,30.59282118620766 104.0795624608187,30.59301949991347
N  11  2  0  104.0809873552621,30.59383030024385 104.081218909861,30.59373217679275 104.0801358583693,30.59261305176798 104.0798339445073,30.59282118620766
N  12  0  0  104.0793136177876,30.59321622410701 104.0795624608187,30.59301949991347 104.0783782300485,30.59287143190913 104.0781303746799,30.59310433303912
N  12  1  0  104.0795624608187,30.59301949991347 104.0798339445073,30.59282118620766 104.0786102094594,30.59264201089236 104.0783782300485,30.59287143190913
N  12  2  0  104.0798339445073,30.59282118620766 104.0801358583693,30.59261305176798 104.0788343660576,30.59240348324597 104.0786102094594,30.59264201089236
N  13  0  0  104.0781303746799,30.59310433303912 104.0783782300485,30.59287143190913 104.0771445570317,30.59257855212959 104.0769371454088,30.59276709524247
N  13  1  0  104.0783782300485,30.59287143190913 104.0786102094594,30.59264201089236 104.0773519696549,30.59239000702389 104.0771445570317,30.59257855212959
N  13  2  0  104.0786102094594,30.59264201089236 104.0788343660576,30.59240348324597 104.077559376568,30.59220146602559 104.0773519696549,30.59239000702389
N  14  0  0  104.0769371454088,30.59276709524247 104.0771445570317,30.59257855212959 104.0764713074571,30.59162584909046 104.0762104481678,30.59180054044113
N  14  1  0  104.0771445570317,30.59257855212959 104.0773519696549,30.59239000702389 104.0767443132445,30.59144932602286 104.0764713074571,30.59162584909046
N  14  2  0  104.0773519696549,30.59239000702389 104.077559376568,30.59220146602559 104.0770395035368,30.59126675462709 104.0767443132445,30.59144932602286
N  15  0  0  104.0762104481678,30.59180054044113 104.0764713074571,30.59162584909046 104.0759789197121,30.59059995455942 104.075706982159,30.59069589283578
N  15  1  0  104.0764713074571,30.59162584909046 104.0767443132445,30.59144932602286 104.0762614865794,30.59049377979431 104.0759789197121,30.59059995455942
N  15  2  0  104.0767443132445,30.59144932602286 104.0770395035368,30.59126675462709 104.076558263496,30.59037501871236 104.0762614865794,30.59049377979431
N  16  0  0  104.075706982159,30.59069589283578 104.0759789197121,30.59059995455942 104.0756429405561,30.58911225312955 104.0753510268733,30.58914620714634
N  16  1  0  104.0759789197121,30.59059995455942 104.0762614865794,30.59049377979431 104.0759349297409,30.58907828964959 104.0756429405561,30.58911225312955
N  16  2  0  104.0762614865794,30.59049377979431 104.076558263496,30.59037501871236 104.0762268425726,30.58904433436988 104.0759349297409,30.58907828964959
N  17  0  0  104.0753510268733,30.58914620714634 104.0756429405561,30.58911225312955 104.0760721679929,30.5865085034943 104.0756976377796,30.58660863634822
N  17  1  0  104.0756429405561,30.58911225312955 104.0759349297409,30.58907828964959 104.0764413303628,30.58642874999816 104.0760721679929,30.5865085034943
N  17  2  0  104.0759349297409,30.58907828964959 104.0762268425726,30.58904433436988 104.0768017976521,30.58636780009256 104.0764413303628,30.58642874999816
N  18  0  0  104.0756976377796,30.58660863634822 104.0760721679929,30.5865085034943 104.0772573250045,30.58306269021975 104.0766868240847,30.58331879333376
N  18  1  0  104.0760721679929,30.5865085034943 104.0764413303628,30.58642874999816 104.0778588244684,30.58285737759923 104.0772573250045,30.58306269021975
N  18  2  0  104.0764413303628,30.58642874999816 104.0768017976521,30.58636780009256 104.0784801573283,30.58270427892847 104.0778588244684,30.58285737759923
N  19  0  0  104.0766868240847,30.58331879333376 104.0772573250045,30.58306269021975 104.0761328374656,30.57998181623357 104.0753162795077,30.58021090455519
N  19  1  0  104.0772573250045,30.58306269021975 104.0778588244684,30.58285737759923 104.076949429464,30.5797527121091 104.0761328374656,30.57998181623357
N  19  2  0  104.0778588244684,30.58285737759923 104.0784801573283,30.58270427892847 104.0777659482453,30.57952362227455 104.076949429464,30.5797527121091
N  20  0  0  104.0753162795077,30.58021090455519 104.0761328374656,30.57998181623357 104.0742033020548,30.5775199137014 104.0729909848466,30.57812405705939
N  20  1  0  104.0761328374656,30.57998181623357 104.076949429464,30.5797527121091 104.0756801119563,30.57727250192643 104.0742033020548,30.5775199137014
N  20  2  0  104.076949429464,30.5797527121091 104.0777659482453,30.57952362227455 104.0772829769215,30.57738883367047 104.0756801119563,30.57727250192643
N  21  0  0  104.0729909848466,30.57812405705939 104.0742033020548,30.5775199137014 104.0732997610602,30.575319246633 104.0710282658994,30.57592818253847
N  21  1  0  104.0742033020548,30.5775199137014 104.0756801119563,30.57727250192643 104.0755344053069,30.5752762695275 104.0732997610602,30.575319246633
N  21  2  0  104.0756801119563,30.57727250192643 104.0772829769215,30.57738883367047 104.077680488875,30.57564622712125 104.0755344053069,30.5752762695275
N  22  0  0  104.0710282658994,30.57592818253847 104.0732997610602,30.575319246633 104.0732347283468,30.57373965468371 104.0706879663094,30.57337304616679
N  22  1  0  104.0732997610602,30.575319246633 104.0755344053069,30.5752762695275 104.0757815108042,30.57410621373171 104.0732347283468,30.57373965468371
N  22  2  0  104.0755344053069,30.5752762695275 104.077680488875,30.57564622712125 104.078328253383,30.57447271463246 104.0757815108042,30.57410621373171
N  23  0  0  104.0706879663094,30.57337304616679 104.0732347283468,30.57373965468371 104.0747318835319,30.57280914556054 104.0733015755798,30.57162068443537
N  23  1  0  104.0732347283468,30.57373965468371 104.0757815108042,30.57410621373171 104.0765961931289,30.57339137802021 104.0747318835319,30.57280914556054
N  23  2  0  104.0757815108042,30.57410621373171 104.078328253383,30.57447271463246 104.0788285238443,30.57375649990608 104.0765961931289,30.57339137802021
N  24  0  0  104.0733015755798,30.57162068443537 104.0747318835319,30.57280914556054 104.0767645090044,30.57234730450898 104.076401711866,30.57171157932297
N  24  1  0  104.0747318835319,30.57280914556054 104.0765961931289,30.57339137802021 104.0776426734906,30.57286827250644 104.0767645090044,30.57234730450898
N  24  2  0  104.0765961931289,30.57339137802021 104.0788285238443,30.57375649990608 104.0791456552072,30.57317854843617 104.0776426734906,30.57286827250644
N  25  0  0  104.076401711866,30.57171157932297 104.0767645090044,30.57234730450898 104.0787879071211,30.57199841386946 104.0783610818547,30.57167155984096
N  25  1  0  104.0767645090044,30.57234730450898 104.0776426734906,30.57286827250644 104.0792147352506,30.57232526653435 104.0787879071211,30.57199841386946
N  25  2  0  104.0776426734906,30.57286827250644 104.0791456552072,30.57317854843617 104.0796415561407,30.57265211009941 104.0792147352506,30.57232526653435
N  26  0  0  104.0783610818547,30.57167155984096 104.0787879071211,30.57199841386946 104.0794352570739,30.57156588254242 104.0791324307737,30.57128426260965
N  26  1  0  104.0787879071211,30.57199841386946 104.0792147352506,30.57232526653435 104.0798057374171,30.571852732986 104.0794352570739,30.57156588254242
N  26  2  0  104.0792147352506,30.57232526653435 104.0796415561407,30.57265211009941 104.0802231108562,30.57211620363835 104.0798057374171,30.571852732986
N  27  0  0  104.0791324307737,30.57128426260965 104.0794352570739,30.57156588254242 104.0798801034729,30.57109831883998 104.0795251605757,30.57089411436433
N  27  1  0  104.0794352570739,30.57156588254242 104.0798057374171,30.571852732986 104.0802876603092,30.57131350062531 104.0798801034729,30.57109831883998
N  27  2  0  104.0798057374171,30.571852732986 104.0802231108562,30.57211620363835 104.0807400012637,30.57152277932944 104.0802876603092,30.57131350062531
N  28  0  0  104.0795251605757,30.57089411436433 104.0798801034729,30.57109831883998 104.0800654476573,30.5702774445918 104.0796890529703,30.57015715500251
N  28  1  0  104.0798801034729,30.57109831883998 104.0802876603092,30.57131350062531 104.0804419178735,30.57039775694184 104.0800654476573,30.5702774445918
N  28  2  0  104.0802876603092,30.57131350062531 104.0807400012637,30.57152277932944 104.0808183140701,30.57051804425981 104.0804419178735,30.57039775694184
N  29  0  0  104.0796890529703,30.57015715500251 104.0800654476573,30.5702774445918 104.0794745940713,30.56860917065151 104.0790416273308,30.56858668386583
N  29  1  0  104.0800654476573,30.5702774445918 104.0804419178735,30.57039775694184 104.0799167550153,30.56863558405023 104.0794745940713,30.56860917065151
N  29  2  0  104.0804419178735,30.57039775694184 104.0808183140701,30.57051804425981 104.0803782519231,30.56866290576275 104.0799167550153,30.56863558405023
N  30  0  0  104.0790416273308,30.56858668386583 104.0794745940713,30.56860917065151 104.0778327316487,30.56638477524217 104.0773855969628,30.56624949128354
N  30  1  0  104.0794745940713,30.56860917065151 104.0799167550153,30.56863558405023 104.078269704877,30.56651367460954 104.0778327316487,30.56638477524217
N  30  2  0  104.0799167550153,30.56863558405023 104.0803782519231,30.56866290576275 104.078699248519,30.56663554448889 104.078269704877,30.56651367460954
N  31  0  0  104.0773855969628,30.56624949128354 104.0778327316487,30.56638477524217 104.0767277695039,30.56398484682512 104.0763228791821,30.56385974924171
N  31  1  0  104.0778327316487,30.56638477524217 104.078269704877,30.56651367460954 104.0771326797704,30.56410994899995 104.0767277695039,30.56398484682512
N  31  2  0  104.078269704877,30.56651367460954 104.078699248519,30.56663554448889 104.0775375718905,30.56423504399748 104.0771326797704,30.56410994899995
N  32  0  0  104.0763228791821,30.56385974924171 104.0767277695039,30.56398484682512 104.0777318982887,30.56234168276509 104.0773617911427,30.56217960937093
N  32  1  0  104.0767277695039,30.56398484682512 104.0771326797704,30.56410994899995 104.0780890484687,30.56250062344945 104.0777318982887,30.56234168276509
N  32  2  0  104.0771326797704,30.56410994899995 104.0775375718905,30.56423504399748 104.0784307491007,30.56265502272398 104.0780890484687,30.56250062344945
N  33  0  0  104.0773617911427,30.56217960937093 104.0777318982887,30.56234168276509 104.0794269642301,30.56127636706675 104.0790585864621,30.5610621103093
N  33  1  0  104.0777318982887,30.56234168276509 104.0780890484687,30.56250062344945 104.079794811752,30.56149474228402 104.0794269642301,30.56127636706675
N  33  2  0  104.0780890484687,30.56250062344945 104.0784307491007,30.56265502272398 104.0801654240236,30.56172105559501 104.079794811752,30.56149474228402
N  34  0  0  104.0790585864621,30.5610621103093 104.0794269642301,30.56127636706675 104.0808601130917,30.55996945461928 104.0804838256903,30.55979465976686
N  34  1  0  104.0794269642301,30.56127636706675 104.079794811752,30.56149474228402 104.0812364764278,30.56014428304355 104.0808601130917,30.55996945461928
N  34  2  0  104.079794811752,30.56149474228402 104.0801654240236,30.56172105559501 104.081612766212,30.56031907560009 104.0812364764278,30.56014428304355
N  35  0  0  104.0804838256903,30.55979465976686 104.0808601130917,30.55996945461928 104.0816693871232,30.55816080950985 104.0809179536649,30.55801256448433
N  35  1  0  104.0808601130917,30.55996945461928 104.0812364764278,30.56014428304355 104.0823378457924,30.55831710345811 104.0816693871232,30.55816080950985
N  35  2  0  104.0812364764278,30.56014428304355 104.081612766212,30.56031907560009 104.0830099548055,30.55849330057469 104.0823378457924,30.55831710345811
N  36  0  0  104.0809179536649,30.55801256448433 104.0816693871232,30.55816080950985 104.081644902545,30.55624951828194 104.0811410716829,30.55626656539678
N  36  1  0  104.0816693871232,30.55816080950985 104.0823378457924,30.55831710345811 104.0821051684925,30.55618650892453 104.081644902545,30.55624951828194
N  36  2  0  104.0823378457924,30.55831710345811 104.0830099548055,30.55849330057469 104.082535154231,30.55608877571665 104.0821051684925,30.55618650892453
N  37  0  0  104.0811410716829,30.55626656539678 104.081644902545,30.55624951828194 104.0807229375659,30.5544213878478 104.0804277948813,30.5546055257664
N  37  1  0  104.081644902545,30.55624951828194 104.0821051684925,30.55618650892453 104.0810180928303,30.55423724069377 104.0807229375659,30.5544213878478
N  37  2  0  104.0821051684925,30.55618650892453 104.082535154231,30.55608877571665 104.081313233067,30.55405310152881 104.0810180928303,30.55423724069377
N  38  0  0  104.0804277948813,30.5546055257664 104.0807229375659,30.5544213878478 104.0783581428321,30.55354035625401 104.078182226627,30.55378488406769
N  38  1  0  104.0807229375659,30.5544213878478 104.0810180928303,30.55423724069377 104.0785156502161,30.55330234000602 104.0783581428321,30.55354035625401
N  38  2  0  104.0810180928303,30.55423724069377 104.081313233067,30.55405310152881 104.0786568239038,30.55306733943453 104.0785156502161,30.55330234000602
N  39  0  0  104.078182226627,30.55378488406769 104.0783581428321,30.55354035625401 104.0758921026564,30.55328827729832 104.0757801061115,30.55347076373784
N  39  1  0  104.0783581428321,30.55354035625401 104.0785156502161,30.55330234000602 104.0759852362747,30.55311193079251 104.0758921026564,30.55328827729832
N  39  2  0  104.0785156502161,30.55330234000602 104.0786568239038,30.55306733943453 104.0760611559836,30.55294054895419 104.0759852362747,30.55311193079251
N  40  0  0  104.0757801061115,30.55347076373784 104.0758921026564,30.55328827729832 104.0743804579305,30.55285663697626 104.0743308269083,30.55300323755012
N  40  1  0  104.0758921026564,30.55328827729832 104.0759852362747,30.55311193079251 104.0744300899529,30.55271003296588 104.0743804579305,30.55285663697626
N  40  2  0  104.0759852362747,30.55311193079251 104.0760611559836,30.55294054895419 104.0744797194712,30.55256343586991 104.0744300899529,30.55271003296588
N  41  0  0  104.0743308269083,30.55300323755012 104.0743804579305,30.55285663697626 104.0734805182053,30.5526462358919 104.073392735114,30.55280019280045
N  41  1  0  104.0743804579305,30.55285663697626 104.0744300899529,30.55271003296588 104.073608803501,30.5524804632754 104.0734805182053,30.5526462358919
N  41  2  0  104.0744300899529,30.55271003296588 104.0744797194712,30.55256343586991 104.0737821096589,30.55231338856764 104.073608803501,30.5524804632754
N  42  0  0  104.073392735114,30.55280019280045 104.0734805182053,30.5526462358919 104.0728281590846,30.5525902616196 104.0726698322367,30.55285533313381
N  42  1  0  104.0734805182053,30.5526462358919 104.073608803501,30.5524804632754 104.0730527541278,30.55234195167478 104.0728281590846,30.5525902616196
N  42  2  0  104.073608803501,30.5524804632754 104.0737821096589,30.55231338856764 104.0733468668999,30.55210663015135 104.0730527541278,30.55234195167478
N  43  0  0  104.0726698322367,30.55285533313381 104.0728281590846,30.5525902616196 104.0723916909091,30.55237059793178 104.0721034158637,30.55262114172145
N  43  1  0  104.0728281590846,30.5525902616196 104.0730527541278,30.55234195167478 104.0726799644409,30.55212005349216 104.0723916909091,30.55237059793178
N  43  2  0  104.0730527541278,30.55234195167478 104.0733468668999,30.55210663015135 104.0729682296915,30.55186951428438 104.0726799644409,30.55212005349216
N  44  0  0  104.0721034158637,30.55262114172145 104.0723916909091,30.55237059793178 104.0720193526713,30.55203430289276 104.0716902495199,30.55221917735705
N  44  1  0  104.0723916909091,30.55237059793178 104.0726799644409,30.55212005349216 104.0723282202906,30.5518318809754 104.0720193526713,30.55203430289276
N  44  2  0  104.0726799644409,30.55212005349216 104.0729682296915,30.55186951428438 104.0726289908105,30.55161140711434 104.0723282202906,30.5518318809754
N  45  0  0  104.0716902495199,30.55221917735705 104.0720193526713,30.55203430289276 104.0717428793871,30.55167024372228 104.0714124155641,30.55179801309147
N  45  1  0  104.0720193526713,30.55203430289276 104.0723282202906,30.5518318809754 104.0720535164713,30.55151822665811 104.0717428793871,30.55167024372228
N  45  2  0  104.0723282202906,30.5518318809754 104.0726289908105,30.55161140711434 104.0723483039516,30.55134667675961 104.0720535164713,30.55151822665811
N  46  0  0  104.0714124155641,30.55179801309147 104.0717428793871,30.55167024372228 104.0715890468823,30.55120097959591 104.0712937396528,30.55129687020469
N  46  1  0  104.0717428793871,30.55167024372228 104.0720535164713,30.55151822665811 104.0718844299188,30.55110506350462 104.0715890468823,30.55120097959591
N  46  2  0  104.0720535164713,30.55151822665811 104.0723483039516,30.55134667675961 104.072179735576,30.55100917167319 104.0718844299188,30.55110506350462
N  47  0  0  104.0712937396528,30.55129687020469 104.0715890468823,30.55120097959591 104.0716383803664,30.55076151366735 104.0713988318785,30.55082835065585
N  47  1  0  104.0715890468823,30.55120097959591 104.0718844299188,30.55110506350462 104.0719275540217,30.5507049492444 104.0716383803664,30.55076151366735
N  47  2  0  104.0718844299188,30.55110506350462 104.072179735576,30.55100917167319 104.072261023934,30.55065708084449 104.0719275540217,30.5507049492444
N  48  0  0  104.0713988318785,30.55082835065585 104.0716383803664,30.55076151366735 104.07172134668,30.55022365683355 104.0714865867905,30.5502339300757
N  48  1  0  104.0716383803664,30.55076151366735 104.0719275540217,30.5507049492444 104.0720239714888,30.55025130923169 104.07172134668,30.55022365683355
N  48  2  0  104.0719275540217,30.5507049492444 104.072261023934,30.55065708084449 104.07237477928,30.5503185479299 104.0720239714888,30.55025130923169
N  49  0  0  104.0714865867905,30.5502339300757 104.07172134668,30.55022365683355 104.0718677322121,30.54950688078067 104.0714893786717,30.54936651736051
N  49  1  0  104.07172134668,30.55022365683355 104.0720239714888,30.55025130923169 104.0722460868538,30.54964724311643 104.0718677322121,30.54950688078067
N  49  2  0  104.0720239714888,30.55025130923169 104.07237477928,30.5503185479299 104.0726244336367,30.54978760104379 104.0722460868538,30.54964724311643
N  50  0  0  104.0714893786717,30.54936651736051 104.0718677322121,30.54950688078067 104.0729003500505,30.54844671757176 104.0721293822708,30.54835052844672
N  50  1  0  104.0718677322121,30.54950688078067 104.0722460868538,30.54964724311643 104.07355852369,30.54874872623085 104.0729003500505,30.54844671757176
N  50  2  0  104.0722460868538,30.54964724311643 104.0726244336367,30.54978760104379 104.0740953652825,30.54926578890622 104.07355852369,30.54874872623085
N  51  0  0  104.0721293822708,30.54835052844672 104.0729003500505,30.54844671757176 104.0739023400798,30.54635680858388 104.0727829317564,30.54574806841194
N  51  1  0  104.0729003500505,30.54844671757176 104.07355852369,30.54874872623085 104.0749115670055,30.54693071815011 104.0739023400798,30.54635680858388
N  51  2  0  104.07355852369,30.54874872623085 104.0740953652825,30.54926578890622 104.0763000011278,30.5476822137727 104.0749115670055,30.54693071815011
N  52  0  0  104.0727829317564,30.54574806841194 104.0739023400798,30.54635680858388 104.0747059441866,30.54450709320082 104.0739948056601,30.54427050345702
N  52  1  0  104.0739023400798,30.54635680858388 104.0749115670055,30.54693071815011 104.0754170925539,30.54474368122004 104.0747059441866,30.54450709320082
N  52  2  0  104.0749115670055,30.54693071815011 104.0763000011278,30.5476822137727 104.0761282275287,30.54498025978529 104.0754170925539,30.54474368122004
N  53  0  0  104.0739948056601,30.54427050345702 104.0747059441866,30.54450709320082 104.0764133890358,30.54322466565203 104.0756560729283,30.54302982353803
N  53  1  0  104.0747059441866,30.54450709320082 104.0754170925539,30.54474368122004 104.0771750426864,30.54337174745604 104.0764133890358,30.54322466565203
N  53  2  0  104.0754170925539,30.54474368122004 104.0761282275287,30.54498025978529 104.0779865296395,30.54349132999535 104.0771750426864,30.54337174745604
N  54  0  0  104.0756560729283,30.54302982353803 104.0764133890358,30.54322466565203 104.0783851360311,30.54222352893204 104.0778714410542,30.54231151612554
N  54  1  0  104.0764133890358,30.54322466565203 104.0771750426864,30.54337174745604 104.078969924193,30.5420820622749 104.0783851360311,30.54222352893204
N  54  2  0  104.0771750426864,30.54337174745604 104.0779865296395,30.54349132999535 104.0796091585291,30.54186374068429 104.078969924193,30.5420820622749
N  55  0  0  104.0778714410542,30.54231151612554 104.0783851360311,30.54222352893204 104.0781744569542,30.54023541573209 104.0778516169919,30.54046920777972
N  55  1  0  104.0783851360311,30.54222352893204 104.078969924193,30.5420820622749 104.0784972982464,30.54000162076559 104.0781744569542,30.54023541573209
N  55  2  0  104.078969924193,30.5420820622749 104.0796091585291,30.54186374068429 104.0788201303306,30.53976783051161 104.0784972982464,30.54000162076559
N  56  0  0  104.0778516169919,30.54046920777972 104.0781744569542,30.54023541573209 104.0756426502383,30.53911809393136 104.0753828231411,30.53941845437916
N  56  1  0  104.0781744569542,30.54023541573209 104.0784972982464,30.54000162076559 104.075905607361,30.53880074957573 104.0756426502383,30.53911809393136
N  56  2  0  104.0784972982464,30.54000162076559 104.0788201303306,30.53976783051161 104.0761734621632,30.53846105450536 104.075905607361,30.53880074957573
N  57  0  0  104.0753828231411,30.53941845437916 104.0756426502383,30.53911809393136 104.0729176138595,30.53950670337645 104.0726968388146,30.53980698869022
N  57  1  0  104.0756426502383,30.53911809393136 104.075905607361,30.53880074957573 104.0731177188041,30.53921508437451 104.0729176138595,30.53950670337645
N  57  2  0  104.075905607361,30.53880074957573 104.0761734621632,30.53846105450536 104.0732995575916,30.53892643731344 104.0731177188041,30.53921508437451
N  58  0  0  104.0726968388146,30.53980698869022 104.0729176138595,30.53950670337645 104.0711289115639,30.53929308438799 104.0709444623147,30.53952128027716
N  58  1  0  104.0729176138595,30.53950670337645 104.0731177188041,30.53921508437451 104.0713133964985,30.53906484298595 104.0711289115639,30.53929308438799
N  58  2  0  104.0731177188041,30.53921508437451 104.0732995575916,30.53892643731344 104.0714978438535,30.53883664671302 104.0713133964985,30.53906484298595
N  59  0  0  104.0709444623147,30.53952128027716 104.0711289115639,30.53929308438799 104.0703883209539,30.53901679866759 104.070193396228,30.53917538691903
N  59  1  0  104.0711289115639,30.53929308438799 104.0713133964985,30.53906484298595 104.0705791622189,30.53884890947097 104.0703883209539,30.53901679866759
N  59  2  0  104.0713133964985,30.53906484298595 104.0714978438535,30.53883664671302 104.0707498677385,30.53869235541114 104.0705791622189,30.53884890947097
N  60  0  0  104.070193396228,30.53917538691903 104.0703883209539,30.53901679866759 104.0698824097187,30.53873211570955 104.0696723302756,30.53892430357525
N  60  1  0  104.0703883209539,30.53901679866759 104.0705791622189,30.53884890947097 104.0701194696145,30.53855902667618 104.0698824097187,30.53873211570955
N  60  2  0  104.0705791622189,30.53884890947097 104.0707498677385,30.53869235541114 104.070366627108,30.53842582233924 104.0701194696145,30.53855902667618
N  61  0  0  104.0696723302756,30.53892430357525 104.0698824097187,30.53873211570955 104.0693297271687,30.53816013537621 104.0690173083165,30.53833635795515
N  61  1  0  104.0698824097187,30.53873211570955 104.0701194696145,30.53855902667618 104.0696421449009,30.53798391202189 104.0693297271687,30.53816013537621
N  61  2  0  104.0701194696145,30.53855902667618 104.070366627108,30.53842582233924 104.0699545586404,30.5378076895125 104.0696421449009,30.53798391202189
N  62  0  0  104.0690173083165,30.53833635795515 104.0693297271687,30.53816013537621 104.067641982659,30.53584111945761 104.0674621544536,30.53591033956028
N  62  1  0  104.0693297271687,30.53816013537621 104.0696421449009,30.53798391202189 104.0678232669735,30.53576963399222 104.067641982659,30.53584111945761
N  62  2  0  104.0696421449009,30.53798391202189 104.0699545586404,30.5378076895125 104.0680053961732,30.53569631147111 104.0678232669735,30.53576963399222
N  63  0  0  104.0674621544536,30.53591033956028 104.067641982659,30.53584111945761 104.0630511468363,30.53356221390295 104.0628112541277,30.53375417265774
N  63  1  0  104.067641982659,30.53584111945761 104.0678232669735,30.53576963399222 104.0632924179647,30.53337034655297 104.0630511468363,30.53356221390295
N  63  2  0  104.0678232669735,30.53576963399222 104.0680053961732,30.53569631147111 104.0635363418067,30.53317690400477 104.0632924179647,30.53337034655297
N  64  0  0  104.0628112541277,30.53375417265774 104.0630511468363,30.53356221390295 104.0606428597771,30.53128933277673 104.0604634459163,30.53134165132351
N  64  1  0  104.0630511468363,30.53356221390295 104.0632924179647,30.53337034655297 104.0608223199677,30.53123700041377 104.0606428597771,30.53128933277673
N  64  2  0  104.0632924179647,30.53337034655297 104.0635363418067,30.53317690400477 104.0610017331519,30.53118468145249 104.0608223199677,30.53123700041377
N  65  0  0  104.0604634459163,30.53134165132351 104.0606428597771,30.53128933277673 104.0602886648849,30.53025906701174 104.0600882668005,30.53026116490561
N  65  1  0  104.0606428597771,30.53128933277673 104.0608223199677,30.53123700041377 104.0605030762469,30.53026565590741 104.0602886648849,30.53025906701174
N  65  2  0  104.0608223199677,30.53123700041377 104.0610017331519,30.53118468145249 104.0607323192537,30.53028229721411 104.0605030762469,30.53026565590741
N  66  0  0  104.0600882668005,30.53026116490561 104.0602886648849,30.53025906701174 104.0601520179989,30.52956527027868 104.0599020073312,30.52952879112178
N  66  1  0  104.0602886648849,30.53025906701174 104.0605030762469,30.53026565590741 104.0604115441066,30.52961368396755 104.0601520179989,30.52956527027868
N  66  2  0  104.0605030762469,30.53026565590741 104.0607323192537,30.53028229721411 104.0606857280154,30.52967487053595 104.0604115441066,30.52961368396755
N  67  0  0  104.0599020073312,30.52952879112178 104.0601520179989,30.52956527027868 104.0602956262006,30.52859975631609 104.0600368153309,30.52849962001493
N  67  1  0  104.0601520179989,30.52956527027868 104.0604115441066,30.52961368396755 104.0605544435962,30.52869989442765 104.0602956262006,30.52859975631609
N  67  2  0  104.0604115441066,30.52961368396755 104.0606857280154,30.52967487053595 104.0608132493471,30.52880002731935 104.0605544435962,30.52869989442765
N  68  0  0  104.0600368153309,30.52849962001493 104.0602956262006,30.52859975631609 104.0619162348765,30.5268977739466 104.061767432916,30.52681380402687
N  68  1  0  104.0602956262006,30.52859975631609 104.0605544435962,30.52869989442765 104.0620605130349,30.52698141002107 104.0619162348765,30.5268977739466
N  68  2  0  104.0605544435962,30.52869989442765 104.0608132493471,30.52880002731935 104.0621996837665,30.52706398367942 104.0620605130349,30.52698141002107
N  69  0  0  104.061767432916,30.52681380402687 104.0619162348765,30.5268977739466 104.0647439386385,30.5250052718944 104.0644446275258,30.52491333860722
N  69  1  0  104.0619162348765,30.5268977739466 104.0620605130349,30.52698141002107 104.0650351048811,30.52510324699533 104.0647439386385,30.5250052718944
N  69  2  0  104.0620605130349,30.52698141002107 104.0621996837665,30.52706398367942 104.0653191211854,30.52520772722546 104.0650351048811,30.52510324699533
N  70  0  0  104.0644446275258,30.52491333860722 104.0647439386385,30.5250052718944 104.0659941366341,30.5232909068194 104.0656727938931,30.52328860294013
N  70  1  0  104.0647439386385,30.5250052718944 104.0650351048811,30.52510324699533 104.0663155429387,30.52329321036165 104.0659941366341,30.5232909068194
N  70  2  0  104.0650351048811,30.52510324699533 104.0653191211854,30.52520772722546 104.0666368854388,30.52329551265396 104.0663155429387,30.52329321036165
N  71  0  0  104.0656727938931,30.52328860294013 104.0659941366341,30.5232909068194 104.0660040599402,30.52254784639728 104.0657156921574,30.52258881655059
N  71  1  0  104.0659941366341,30.5232909068194 104.0663155429387,30.52329321036165 104.06629263268,30.52249208751572 104.0660040599402,30.52254784639728
N  71  2  0  104.0663155429387,30.52329321036165 104.0666368854388,30.52329551265396 104.0665690557515,30.52242603376158 104.06629263268,30.52249208751572
N  72  0  0  104.0657156921574,30.52258881655059 104.0660040599402,30.52254784639728 104.0657859268952,30.52204112352354 104.0655363364371,30.5221425584591
N  72  1  0  104.0660040599402,30.52254784639728 104.06629263268,30.52249208751572 104.0660406442314,30.52194790105345 104.0657859268952,30.52204112352354
N  72  2  0  104.06629263268,30.52249208751572 104.0665690557515,30.52242603376158 104.0662853273533,30.52186723563749 104.0660406442314,30.52194790105345
N  73  0  0  104.0655363364371,30.5221425584591 104.0657859268952,30.52204112352354 104.0653144097877,30.52143587145427 104.0650514441776,30.52159451857926
N  73  1  0  104.0657859268952,30.52204112352354 104.0660406442314,30.52194790105345 104.0655773768898,30.52127722236589 104.0653144097877,30.52143587145427
N  73  2  0  104.0660406442314,30.52194790105345 104.0662853273533,30.52186723563749 104.0658403369012,30.52111857649213 104.0655773768898,30.52127722236589
N  74  0  0  104.0650514441776,30.52159451857926 104.0653144097877,30.52143587145427 104.0636055778613,30.5203552318629 104.0633587183979,30.52055686606769
N  74  1  0  104.0653144097877,30.52143587145427 104.0655773768898,30.52127722236589 104.0638471309201,30.52015921738215 104.0636055778613,30.5203552318629
N  74  2  0  104.0655773768898,30.52127722236589 104.0658403369012,30.52111857649213 104.0640845692084,30.51996751361711 104.0638471309201,30.52015921738215
N  75  0  0  104.0633587183979,30.52055686606769 104.0636055778613,30.5203552318629 104.0611535680387,30.51873481704146 104.060906810894,30.51892249781197
N  75  1  0  104.0636055778613,30.5203552318629 104.0638471309201,30.52015921738215 104.061389672115,30.51854957176387 104.0611535680387,30.51873481704146
N  75  2  0  104.0638471309201,30.52015921738215 104.0640845692084,30.51996751361711 104.0616163711955,30.51836563912562 104.061389672115,30.51854957176387
N  76  0  0  104.060906810894,30.51892249781197 104.0611535680387,30.51873481704146 104.0594213466353,30.51745228752134 104.0592543024936,30.51763563484231
N  76  1  0  104.0611535680387,30.51873481704146 104.061389672115,30.51854957176387 104.059588394037,30.51726893569748 104.0594213466353,30.51745228752134
N  76  2  0  104.061389672115,30.51854957176387 104.0616163711955,30.51836563912562 104.0597554329081,30.51708559231214 104.059588394037,30.51726893569748
N  77  0  0  104.0592543024936,30.51763563484231 104.0594213466353,30.51745228752134 104.0585471315104,30.51702476075555 104.0584401823593,30.51727313529708
N  77  1  0  104.0594213466353,30.51745228752134 104.059588394037,30.51726893569748 104.0586471666072,30.51678820298055 104.0585471315104,30.51702476075555
N  77  2  0  104.059588394037,30.51726893569748 104.0597554329081,30.51708559231214 104.0587442433327,30.51655840054131 104.0586471666072,30.51678820298055
N  78  0  0  104.0584401823593,30.51727313529708 104.0585471315104,30.51702476075555 104.0578146500054,30.516967618779 104.0577902594132,30.51720530672783
N  78  1  0  104.0585471315104,30.51702476075555 104.0586471666072,30.51678820298055 104.0578356779933,30.51673975074472 104.0578146500054,30.516967618779
N  78  2  0  104.0586471666072,30.51678820298055 104.0587442433327,30.51655840054131 104.0578556200349,30.51652247778682 104.0578356779933,30.51673975074472
N  79  0  0  104.0577902594132,30.51720530672783 104.0578146500054,30.516967618779 104.0568490222164,30.51719295176857 104.0569235946463,30.51741943783279
N  79  1  0  104.0578146500054,30.516967618779 104.0578356779933,30.51673975074472 104.0567744353404,30.51696642077687 104.0568490222164,30.51719295176857
N  79  2  0  104.0578356779933,30.51673975074472 104.0578556200349,30.51652247778682 104.0566998636408,30.51673993482527 104.0567744353404,30.51696642077687
N  80  0  0  104.0569235946463,30.51741943783279 104.0568490222164,30.51719295176857 104.0558788465734,30.51859083172149 104.0560828219505,30.51882232531931
N  80  1  0  104.0568490222164,30.51719295176857 104.0567744353404,30.51696642077687 104.0556713373959,30.51835869199182 104.0558788465734,30.51859083172149
N  80  2  0  104.0567744353404,30.51696642077687 104.0566998636408,30.51673993482527 104.0554555474883,30.51812321974591 104.0556713373959,30.51835869199182
N  81  0  0  104.0560828219505,30.51882232531931 104.0558788465734,30.51859083172149 104.0554467795073,30.52089223121377 104.0556115789164,30.52109018349867
N  81  1  0  104.0558788465734,30.51859083172149 104.0556713373959,30.51835869199182 104.0552798045946,30.52069813720838 104.0554467795073,30.52089223121377
N  81  2  0  104.0556713373959,30.51835869199182 104.0554555474883,30.51812321974591 104.0551120121581,30.52050681225202 104.0552798045946,30.52069813720838
N  82  0  0  104.0556115789164,30.52109018349867 104.0554467795073,30.52089223121377 104.0554152748063,30.52323579177701 104.0556595362616,30.5234508070664
N  82  1  0  104.0554467795073,30.52089223121377 104.0552798045946,30.52069813720838 104.0551709938392,30.52302075792294 104.0554152748063,30.52323579177701
N  82  2  0  104.0552798045946,30.52069813720838 104.0551120121581,30.52050681225202 104.0549267532458,30.52280575821982 104.0551709938392,30.52302075792294
N  83  0  0  104.0556595362616,30.5234508070664 104.0554152748063,30.52323579177701 104.0539014156655,30.52427521706627 104.0539353781012,30.52445304454073
N  83  1  0  104.0554152748063,30.52323579177701 104.0551709938392,30.52302075792294 104.0538564658193,30.52409501963526 104.0539014156655,30.52427521706627
N  83  2  0  104.0551709938392,30.52302075792294 104.0549267532458,30.52280575821982 104.0538029297218,30.52391821093341 104.0538564658193,30.52409501963526
N  84  0  0  104.0539353781012,30.52445304454073 104.0539014156655,30.52427521706627 104.0519559154994,30.52382464598051 104.0518530624917,30.52401547952994
N  84  1  0  104.0539014156655,30.52427521706627 104.0538564658193,30.52409501963526 104.0520648549318,30.52361754967243 104.0519559154994,30.52382464598051
N  84  2  0  104.0538564658193,30.52409501963526 104.0538029297218,30.52391821093341 104.0521869989533,30.52339048902915 104.0520648549318,30.52361754967243
N  85  0  0  104.0518530624917,30.52401547952994 104.0519559154994,30.52382464598051 104.0501586199706,30.52239115612523 104.0499801706313,30.52249068814229
N  85  1  0  104.0519559154994,30.52382464598051 104.0520648549318,30.52361754967243 104.0503370730971,30.52229162154154 104.0501586199706,30.52239115612523
N  85  2  0  104.0520648549318,30.52361754967243 104.0521869989533,30.52339048902915 104.0505155174061,30.52219209142165 104.0503370730971,30.52229162154154
N  86  0  0  104.0499801706313,30.52249068814229 104.0501586199706,30.52239115612523 104.0490030641601,30.51936084414187 104.0488136401043,30.51941267338565
N  86  1  0  104.0501586199706,30.52239115612523 104.0503370730971,30.52229162154154 104.0491933683584,30.51930885430824 104.0490030641601,30.51936084414187
N  86  2  0  104.0503370730971,30.52229162154154 104.0505155174061,30.52219209142165 104.0493844375923,30.51925673493146 104.0491933683584,30.51930885430824
N  87  0  0  104.0488136401043,30.51941267338565 104.0490030641601,30.51936084414187 104.0481630579219,30.51558945501172 104.0479519022889,30.51561235388346
N  87  1  0  104.0490030641601,30.51936084414187 104.0491933683584,30.51930885430824 104.0483750800937,30.51556701762044 104.0481630579219,30.51558945501172
N  87  2  0  104.0491933683584,30.51930885430824 104.0493844375923,30.51925673493146 104.0485879685662,30.51554502741928 104.0483750800937,30.51556701762044
N  88  0  0  104.0479519022889,30.51561235388346 104.0481630579219,30.51558945501172 104.0479870916472,30.51246753159767 104.047769375714,30.51250495192107
N  88  1  0  104.0481630579219,30.51558945501172 104.0483750800937,30.51556701762044 104.0482048175726,30.51243010916234 104.0479870916472,30.51246753159767
N  88  2  0  104.0483750800937,30.51556701762044 104.0485879685662,30.51554502741928 104.0484225330076,30.51239268813561 104.0482048175726,30.51243010916234
N  89  0  0  104.047769375714,30.51250495192107 104.0479870916472,30.51246753159767 104.0466899259875,30.51064914067116 104.0464916954795,30.51070416586652
N  89  1  0  104.0479870916472,30.51246753159767 104.0482048175726,30.51243010916234 104.0468902116541,30.51059581081273 104.0466899259875,30.51064914067116
N  89  2  0  104.0482048175726,30.51243010916234 104.0484225330076,30.51239268813561 104.0470908945891,30.51054506510085 104.0468902116541,30.51059581081273
N  90  0  0  104.0464916954795,30.51070416586652 104.0466899259875,30.51064914067116 104.0453912334531,30.5093036208119 104.0451664853928,30.50940089880398
N  90  1  0  104.0466899259875,30.51064914067116 104.0468902116541,30.51059581081273 104.0456249651407,30.50921813748152 104.0453912334531,30.5093036208119
N  90  2  0  104.0468902116541,30.51059581081273 104.0470908945891,30.51054506510085 104.0458647567226,30.50914651559986 104.0456249651407,30.50921813748152
N  91  0  0  104.0451664853928,30.50940089880398 104.0453912334531,30.5093036208119 104.0444397998076,30.50808396565201 104.044091162228,30.50818361816015
N  91  1  0  104.0453912334531,30.5093036208119 104.0456249651407,30.50921813748152 104.0447884366886,30.50798431219769 104.0444397998076,30.50808396565201
N  91  2  0  104.0456249651407,30.50921813748152 104.0458647567226,30.50914651559986 104.0451370646148,30.50788466015714 104.0447884366886,30.50798431219769
N  92  0  0  104.044091162228,30.50818361816015 104.0444397998076,30.50808396565201 104.0443812236061,30.50691881405834 104.0440849544411,30.50691426410615
N  92  1  0  104.0444397998076,30.50808396565201 104.0447884366886,30.50798431219769 104.0447035553274,30.50692168135364 104.0443812236061,30.50691881405834
N  92  2  0  104.0447884366886,30.50798431219769 104.0451370646148,30.50788466015714 104.0450531231455,30.50692315860822 104.0447035553274,30.50692168135364
N  93  0  0  104.0440849544411,30.50691426410615 104.0443812236061,30.50691881405834 104.0446624455982,30.50592633479533 104.0443772693781,30.50581329748383
N  93  1  0  104.0443812236061,30.50691881405834 104.0447035553274,30.50692168135364 104.0449704939361,30.50604457547675 104.0446624455982,30.50592633479533
N  93  2  0  104.0447035553274,30.50692168135364 104.0450531231455,30.50692315860822 104.0453102196271,30.50617171307728 104.0449704939361,30.50604457547675
N  94  0  0  104.0443772693781,30.50581329748383 104.0446624455982,30.50592633479533 104.0454670628214,30.50497484786008 104.0452363500977,30.50478521077629
N  94  1  0  104.0446624455982,30.50592633479533 104.0449704939361,30.50604457547675 104.0456977871863,30.50516449338051 104.0454670628214,30.50497484786008
N  94  2  0  104.0449704939361,30.50604457547675 104.0453102196271,30.50617171307728 104.0459284927375,30.50535412230516 104.0456977871863,30.50516449338051
N  95  0  0  104.0452363500977,30.50478521077629 104.0454670628214,30.50497484786008 104.0474521560345,30.50454169133966 104.047319409036,30.50426285146445
N  95  1  0  104.0454670628214,30.50497484786008 104.0456977871863,30.50516449338051 104.0475692361717,30.50481041059104 104.0474521560345,30.50454169133966
N  95  2  0  104.0456977871863,30.50516449338051 104.0459284927375,30.50535412230516 104.0476699137508,30.50507037313355 104.0475692361717,30.50481041059104
N  96  0  0  104.047319409036,30.50426285146445 104.0474521560345,30.50454169133966 104.0497286445822,30.50517165681404 104.0496657253061,30.50484522211682
N  96  1  0  104.0474521560345,30.50454169133966 104.0475692361717,30.50481041059104 104.0497935806263,30.50550301778439 104.0497286445822,30.50517165681404
N  96  2  0  104.0475692361717,30.50481041059104 104.0476699137508,30.50507037313355 104.0498607607404,30.50585066941635 104.0497935806263,30.50550301778439
N  97  0  0  104.0496657253061,30.50484522211682 104.0497286445822,30.50517165681404 104.0513626897319,30.50538422282093 104.0512232303135,30.50507482289405
N  97  1  0  104.0497286445822,30.50517165681404 104.0497935806263,30.50550301778439 104.0515021564764,30.50569363694853 104.0513626897319,30.50538422282093
N  97  2  0  104.0497935806263,30.50550301778439 104.0498607607404,30.50585066941635 104.0516416175021,30.50600303633589 104.0515021564764,30.50569363694853
N  98  0  0  104.0512232303135,30.50507482289405 104.0513626897319,30.50538422282093 104.0521161729757,30.50506220595183 104.0518448206282,30.50476489807171
N  98  1  0  104.0513626897319,30.50538422282093 104.0515021564764,30.50569363694853 104.0523561751904,30.50533758323474 104.0521161729757,30.50506220595183
N  98  2  0  104.0515021564764,30.50569363694853 104.0516416175021,30.50600303633589 104.0525902279959,30.50560849305479 104.0523561751904,30.50533758323474
N  99  0  0  104.0518448206282,30.50476489807171 104.0521161729757,30.50506220595183 104.0525367935247,30.50472919979487 104.0522147827777,30.50447294643175
N  99  1  0  104.0521161729757,30.50506220595183 104.0523561751904,30.50533758323474 104.0528499076061,30.50494291487873 104.0525367935247,30.50472919979487
N  99  2  0  104.0523561751904,30.50533758323474 104.0525902279959,30.50560849305479 104.0531852256308,30.50513534611235 104.0528499076061,30.50494291487873
N  100  0  0  104.0522147827777,30.50447294643175 104.0525367935247,30.50472919979487 104.0528856599715,30.50411838404037 104.0525849952869,30.50400615562076
N  100  1  0  104.0525367935247,30.50472919979487 104.0528499076061,30.50494291487873 104.0531863253151,30.50423061176133 104.0528856599715,30.50411838404037
N  100  2  0  104.0528499076061,30.50494291487873 104.0531852256308,30.50513534611235 104.053486984266,30.50434283615146 104.0531863253151,30.50423061176133
N  101  0  0  104.0525849952869,30.50400615562076 104.0528856599715,30.50411838404037 104.0531155380279,30.50310949884718 104.0527748830866,30.50306820487878
N  101  1  0  104.0528856599715,30.50411838404037 104.0531863253151,30.50423061176133 104.0534655933872,30.50317179001938 104.0531155380279,30.50310949884718
N  101  2  0  104.0531863253151,30.50423061176133 104.053486984266,30.50434283615146 104.0538261836012,30.50325459984141 104.0534655933872,30.50317179001938
N  102  0  0  104.0527748830866,30.50306820487878 104.0531155380279,30.50310949884718 104.0529068564999,30.50187274250238 104.0524854701627,30.50183300449768
N  102  1  0  104.0531155380279,30.50310949884718 104.0534655933872,30.50317179001938 104.0533239488741,30.50191775457777 104.0529068564999,30.50187274250238
N  102  2  0  104.0534655933872,30.50317179001938 104.0538261836012,30.50325459984141 104.0537524626953,30.50196772309142 104.0533239488741,30.50191775457777
N  103  0  0  104.0524854701627,30.50183300449768 104.0529068564999,30.50187274250238 104.0526392122691,30.50048133290527 104.0522405051865,30.50041858766018
N  103  1  0  104.0529068564999,30.50187274250238 104.0533239488741,30.50191775457777 104.0530379198817,30.50054407693855 104.0526392122691,30.50048133290527
N  103  2  0  104.0533239488741,30.50191775457777 104.0537524626953,30.50196772309142 104.0534366185804,30.50060681827389 104.0530379198817,30.50054407693855
N  104  0  0  104.0522405051865,30.50041858766018 104.0526392122691,30.50048133290527 104.0530393587299,30.49903130183041 104.0526724769797,30.49895688950597
N  104  1  0  104.0526392122691,30.50048133290527 104.0530379198817,30.50054407693855 104.0534125846673,30.49912043249238 104.0530393587299,30.49903130183041
N  104  2  0  104.0530379198817,30.50054407693855 104.0534366185804,30.50060681827389 104.0537878676918,30.49922387199337 104.0534125846673,30.49912043249238
N  105  0  1  104.0526724769797,30.49895688950597 104.0530393587299,30.49903130183041 104.0537639277535,30.49752087210364 104.0533468404298,30.49735802123062
N  105  1  1  104.0530393587299,30.49903130183041 104.0534125846673,30.49912043249238 104.054192501729,30.49770298109188 104.0537639277535,30.49752087210364
N  105  2  1  104.0534125846673,30.49912043249238 104.0537878676918,30.49922387199337 104.054640688433,30.49790898718069 104.054192501729,30.49770298109188
