B  0  0  0  103.619419906,30.9971967045 103.619293505,30.9970851429 103.619340143,30.9970507802 103.619468653,30.997134401
B  0  1  0  103.619293505,30.9970851429 103.619167114,30.9969735772 103.619227319,30.9969573622 103.619340143,30.9970507802
B  0  2  0  103.619167114,30.9969735772 103.619040722,30.9968620057 103.619127102,30.9968523183 103.619227319,30.9969573622
B  1  0  0  103.619468653,30.997134401 103.619340143,30.9970507802 103.619371873,30.997025829 103.61948881,30.997091896
B  1  1  0  103.619340143,30.9970507802 103.619227319,30.9969573622 103.619268335,30.9969451287 103.619371873,30.997025829
B  1  2  0  103.619227319,30.9969573622 103.619127102,30.9968523183 103.619180705,30.9968580512 103.619268335,30.9969451287
B  2  0  0  103.61948881,30.997091896 103.619371873,30.997025829 103.619443411,30.9969623772 103.619528627,30.9970194347
B  2  1  0  103.619371873,30.997025829 103.619268335,30.9969451287 103.619358189,30.9969053221 103.619443411,30.9969623772
B  2  2  0  103.619268335,30.9969451287 103.619180705,30.9968580512 103.619272966,30.9968482693 103.619358189,30.9969053221
B  3  0  0  103.619528627,30.9970194347 103.619443411,30.9969623772 103.619678898,30.9966453229 103.619770731,30.9967058523
B  3  1  0  103.619443411,30.9969623772 103.619358189,30.9969053221 103.619587659,30.9965865127 103.619678898,30.9966453229
B  3  2  0  103.619358189,30.9969053221 103.619272966,30.9968482693 103.619496997,30.9965293415 103.619587659,30.9965865127
B  4  0  0  103.619770731,30.9967058523 103.619678898,30.9966453229 103.620024226,30.9959225852 103.620119676,30.9959842446
B  4  1  0  103.619678898,30.9966453229 103.619587659,30.9965865127 103.619928101,30.9958627356 103.620024226,30.9959225852
B  4  2  0  103.619587659,30.9965865127 103.619496997,30.9965293415 103.619831795,30.995804819 103.619928101,30.9958627356
B  5  0  0  103.620119676,30.9959842446 103.620024226,30.9959225852 103.620286649,30.9953384053 103.620396674,30.9954020463
B  5  1  0  103.620024226,30.9959225852 103.619928101,30.9958627356 103.620176622,30.9952747656 103.620286649,30.9953384053
B  5  2  0  103.619928101,30.9958627356 103.619831795,30.995804819 103.620066574,30.9952111351 103.620176622,30.9952747656
B  6  0  0  103.620396674,30.9954020463 103.620286649,30.9953384053 103.620413029,30.9951454837 103.62051782,30.9952039687
B  6  1  0  103.620286649,30.9953384053 103.620176622,30.9952747656 103.620305997,30.9950830112 103.620413029,30.9951454837
B  6  2  0  103.620176622,30.9952747656 103.620066574,30.9952111351 103.620196864,30.9950164759 103.620305997,30.9950830112
B  7  0  0  103.62051782,30.9952039687 103.620413029,30.9951454837 103.6205128,30.9950118202 103.620614079,30.9950692152
B  7  1  0  103.620413029,30.9951454837 103.620305997,30.9950830112 103.620408942,30.9949507855 103.6205128,30.9950118202
B  7  2  0  103.620305997,30.9950830112 103.620196864,30.9950164759 103.620303351,30.9948864631 103.620408942,30.9949507855
B  8  0  0  103.620614079,30.9950692152 103.6205128,30.9950118202 103.620699908,30.9947975376 103.620801205,30.9948575425
B  8  1  0  103.6205128,30.9950118202 103.620408942,30.9949507855 103.620598607,30.9947375398 103.620699908,30.9947975376
B  8  2  0  103.620408942,30.9949507855 103.620303351,30.9948864631 103.620497327,30.9946775149 103.620598607,30.9947375398
B  9  0  0  103.620801205,30.9948575425 103.620699908,30.9947975376 103.621307492,30.9940932037 103.621406935,30.9941442571
B  9  1  0  103.620699908,30.9947975376 103.620598607,30.9947375398 103.621208017,30.9940419165 103.621307492,30.9940932037
B  9  2  0  103.620598607,30.9947375398 103.620497327,30.9946775149 103.621108595,30.9939904507 103.621208017,30.9940419165
B  10  0  0  103.621406935,30.9941442571 103.621307492,30.9940932037 103.622567086,30.9926706201 103.622668614,30.9927253897
B  10  1  0  103.621307492,30.9940932037 103.621208017,30.9940419165 103.622465118,30.9926160509 103.622567086,30.9926706201
B  10  2  0  103.621208017,30.9940419165 103.621108595,30.9939904507 103.622362755,30.9925617107 103.622465118,30.9926160509
B  11  0  0  103.622668614,30.9927253897 103.622567086,30.9926706201 103.623911585,30.9911369366 103.624017397,30.9911944712
B  11  1  0  103.622567086,30.9926706201 103.622465118,30.9926160509 103.623805784,30.9910793933 103.623911585,30.9911369366
B  11  2  0  103.622465118,30.9926160509 103.622362755,30.9925617107 103.623699987,30.991021847 103.623805784,30.9910793933
B  12  0  0  103.624017397,30.9911944712 103.623911585,30.9911369366 103.624517153,30.9896390493 103.62463308,30.9896960259
B  12  1  0  103.623911585,30.9911369366 103.623805784,30.9910793933 103.624397872,30.9895819535 103.624517153,30.9896390493
B  12  2  0  103.623805784,30.9910793933 103.623699987,30.991021847 103.624274909,30.9895246306 103.624397872,30.9895819535
B  13  0  0  103.62463308,30.9896960259 103.624517153,30.9896390493 103.62537706,30.9883194001 103.625506663,30.9883690762
B  13  1  0  103.624517153,30.9896390493 103.624397872,30.9895819535 103.625245987,30.9882681548 103.62537706,30.9883194001
B  13  2  0  103.624397872,30.9895819535 103.624274909,30.9895246306 103.62511299,30.9882151144 103.625245987,30.9882681548
B  14  0  0  103.625506663,30.9883690762 103.62537706,30.9883194001 103.626005825,30.9873207715 103.626126178,30.9873511044
B  14  1  0  103.62537706,30.9883194001 103.625245987,30.9882681548 103.625885475,30.9872904396 103.626005825,30.9873207715
B  14  2  0  103.625245987,30.9882681548 103.62511299,30.9882151144 103.625765135,30.9872600915 103.625885475,30.9872904396
B  15  0  0  103.626126178,30.9873511044 103.626005825,30.9873207715 103.625990037,30.9864676651 103.626105561,30.9864645277
B  15  1  0  103.626005825,30.9873207715 103.625885475,30.9872904396 103.625871479,30.9864710795 103.625990037,30.9864676651
B  15  2  0  103.625885475,30.9872904396 103.625765135,30.9872600915 103.625750539,30.986474602 103.625871479,30.9864710795
B  16  0  0  103.626105561,30.9864645277 103.625990037,30.9864676651 103.625778253,30.9858596553 103.625897049,30.9858339078
B  16  1  0  103.625990037,30.9864676651 103.625871479,30.9864710795 103.625657109,30.9858881983 103.625778253,30.9858596553
B  16  2  0  103.625871479,30.9864710795 103.625750539,30.986474602 103.625533691,30.9859195174 103.625657109,30.9858881983
B  17  0  0  103.625897049,30.9858339078 103.625778253,30.9858596553 103.625657794,30.9854816706 103.625788954,30.985453626
B  17  1  0  103.625778253,30.9858596553 103.625657109,30.9858881983 103.625526637,30.9855097235 103.625657794,30.9854816706
B  17  2  0  103.625657109,30.9858881983 103.625533691,30.9859195174 103.625395481,30.9855377895 103.625526637,30.9855097235
B  18  0  0  103.625788954,30.985453626 103.625657794,30.9854816706 103.625627088,30.9852917205 103.625770756,30.9852803187
B  18  1  0  103.625657794,30.9854816706 103.625526637,30.9855097235 103.625487479,30.9853050365 103.625627088,30.9852917205
B  18  2  0  103.625526637,30.9855097235 103.625395481,30.9855377895 103.625346651,30.9853206789 103.625487479,30.9853050365
B  19  0  0  103.625770756,30.9852803187 103.625627088,30.9852917205 103.625639828,30.9851668292 103.625785889,30.9851663611
B  19  1  0  103.625627088,30.9852917205 103.625487479,30.9853050365 103.625500417,30.9851660334 103.625639828,30.9851668292
B  19  2  0  103.625487479,30.9853050365 103.625346651,30.9853206789 103.625362535,30.9851640757 103.625500417,30.9851660334
B  20  0  0  103.625785889,30.9851663611 103.625639828,30.9851668292 103.625680921,30.9849943565 103.625815916,30.9850102272
B  20  1  0  103.625639828,30.9851668292 103.625500417,30.9851660334 103.625545863,30.9849784867 103.625680921,30.9849943565
B  20  2  0  103.625500417,30.9851660334 103.625362535,30.9851640757 103.625410806,30.9849626162 103.625545863,30.9849784867
B  21  0  0  103.625815916,30.9850102272 103.625680921,30.9849943565 103.625806999,30.9847150997 103.625938596,30.9847410691
B  21  1  0  103.625680921,30.9849943565 103.625545863,30.9849784867 103.625675972,30.9846849752 103.625806999,30.9847150997
B  21  2  0  103.625545863,30.9849784867 103.625410806,30.9849626162 103.625544802,30.9846506297 103.625675972,30.9846849752
B  22  0  0  103.625938596,30.9847410691 103.625806999,30.9847150997 103.626100658,30.9843794163 103.626213094,30.9844106996
B  22  1  0  103.625806999,30.9847150997 103.625675972,30.9846849752 103.625990292,30.9843461982 103.626100658,30.9843794163
B  22  2  0  103.625675972,30.9846849752 103.625544802,30.9846506297 103.625882889,30.9843120025 103.625990292,30.9843461982
B  23  0  0  103.626213094,30.9844106996 103.626100658,30.9843794163 103.626496614,30.9840177042 103.626603525,30.9840619273
B  23  1  0  103.626100658,30.9843794163 103.625990292,30.9843461982 103.626389688,30.9839734894 103.626496614,30.9840177042
B  23  2  0  103.625990292,30.9843461982 103.625882889,30.9843120025 103.626282785,30.9839292506 103.626389688,30.9839734894
B  24  0  0  103.626603525,30.9840619273 103.626496614,30.9840177042 103.626951387,30.983733204 103.627101505,30.9837762241
B  24  1  0  103.626496614,30.9840177042 103.626389688,30.9839734894 103.626804576,30.9836936639 103.626951387,30.983733204
B  24  2  0  103.626389688,30.9839734894 103.626282785,30.9839292506 103.626659194,30.9836557018 103.626804576,30.9836936639
B  25  0  0  103.627101505,30.9837762241 103.626951387,30.983733204 103.627387488,30.9832070834 103.627506182,30.9832391657
B  25  1  0  103.626951387,30.983733204 103.626804576,30.9836936639 103.627269915,30.9831737077 103.627387488,30.9832070834
B  25  2  0  103.626804576,30.9836936639 103.626659194,30.9836557018 103.627154054,30.9831392555 103.627269915,30.9831737077
B  26  0  0  103.627506182,30.9832391657 103.627387488,30.9832070834 103.627854511,30.9826811666 103.627979412,30.9827189693
B  26  1  0  103.627387488,30.9832070834 103.627269915,30.9831737077 103.627729623,30.98264335 103.627854511,30.9826811666
B  26  2  0  103.627269915,30.9831737077 103.627154054,30.9831392555 103.62760473,30.9826055429 103.627729623,30.98264335
B  27  0  0  103.627979412,30.9827189693 103.627854511,30.9826811666 103.628241252,30.9821925004 103.628401991,30.9822579959
B  27  1  0  103.627854511,30.9826811666 103.627729623,30.98264335 103.628082221,30.9821327675 103.628241252,30.9821925004
B  27  2  0  103.627729623,30.98264335 103.62760473,30.9826055429 103.627917865,30.9820748512 103.628082221,30.9821327675
B  28  0  0  103.628401991,30.9822579959 103.628241252,30.9821925004 103.628603932,30.9817071707 103.628753759,30.9817524983
B  28  1  0  103.628241252,30.9821925004 103.628082221,30.9821327675 103.628461062,30.9816567278 103.628603932,30.9817071707
B  28  2  0  103.628082221,30.9821327675 103.627917865,30.9820748512 103.628322261,30.9815996349 103.628461062,30.9816567278
B  29  0  0  103.628753759,30.9817524983 103.628603932,30.9817071707 103.629001349,30.9811870129 103.629118095,30.9812304398
B  29  1  0  103.628603932,30.9817071707 103.628461062,30.9816567278 103.628884549,30.9811436197 103.629001349,30.9811870129
B  29  2  0  103.628461062,30.9816567278 103.628322261,30.9815996349 103.62876769,30.9811002797 103.628884549,30.9811436197
B  30  0  0  103.629118095,30.9812304398 103.629001349,30.9811870129 103.629625986,30.9807189322 103.629780115,30.980854908
B  30  1  0  103.629001349,30.9811870129 103.628884549,30.9811436197 103.629472034,30.9806038281 103.629625986,30.9807189322
B  30  2  0  103.628884549,30.9811436197 103.62876769,30.9811002797 103.629315392,30.9805052321 103.629472034,30.9806038281
B  31  0  0  103.629780115,30.980854908 103.629625986,30.9807189322 103.630231774,30.9800849528 103.630406966,30.9802144502
B  31  1  0  103.629625986,30.9807189322 103.629472034,30.9806038281 103.630057798,30.9799694243 103.630231774,30.9800849528
B  31  2  0  103.629472034,30.9806038281 103.629315392,30.9805052321 103.629886369,30.9798676394 103.630057798,30.9799694243
B  32  0  0  103.630406966,30.9802144502 103.630231774,30.9800849528 103.630677389,30.9795823467 103.630882054,30.979728199
B  32  1  0  103.630231774,30.9800849528 103.630057798,30.9799694243 103.630472761,30.9794364616 103.630677389,30.9795823467
B  32  2  0  103.630057798,30.9799694243 103.629886369,30.9798676394 103.630268186,30.9792904892 103.630472761,30.9794364616
B  33  0  0  103.630882054,30.979728199 103.630677389,30.9795823467 103.630897256,30.9792610768 103.631104376,30.9794402636
B  33  1  0  103.630677389,30.9795823467 103.630472761,30.9794364616 103.630708698,30.9790971941 103.630897256,30.9792610768
B  33  2  0  103.630472761,30.9794364616 103.630268186,30.9792904892 103.630519104,30.9789334276 103.630708698,30.9790971941
B  34  0  0  103.631104376,30.9794402636 103.630897256,30.9792610768 103.631055899,30.9790359133 103.631250371,30.9792116548
B  34  1  0  103.630897256,30.9792610768 103.630708698,30.9790971941 103.630891614,30.9788557467 103.631055899,30.9790359133
B  34  2  0  103.630708698,30.9790971941 103.630519104,30.9789334276 103.630736288,30.9786528649 103.630891614,30.9788557467
B  35  0  0  103.631250371,30.9792116548 103.631055899,30.9790359133 103.631407421,30.9787104019 103.631517396,30.9788702742
B  35  1  0  103.631055899,30.9790359133 103.630891614,30.9788557467 103.631297425,30.9785505531 103.631407421,30.9787104019
B  35  2  0  103.630891614,30.9788557467 103.630736288,30.9786528649 103.631187445,30.9783907056 103.631297425,30.9785505531
B  36  0  0  103.631517396,30.9788702742 103.631407421,30.9787104019 103.632622127,30.9779790988 103.632712611,30.9779930713
B  36  1  0  103.631407421,30.9787104019 103.631297425,30.9785505531 103.632534374,30.9779628662 103.632622127,30.9779790988
B  36  2  0  103.631297425,30.9785505531 103.631187445,30.9783907056 103.632449767,30.9779446754 103.632534374,30.9779628662
B  37  0  0  103.632712611,30.9779930713 103.632622127,30.9779790988 103.634548393,30.9764151547 103.634615841,30.9764392835
B  37  1  0  103.632622127,30.9779790988 103.632534374,30.9779628662 103.634481065,30.9763903299 103.634548393,30.9764151547
B  37  2  0  103.632534374,30.9779628662 103.632449767,30.9779446754 103.634413921,30.9763649368 103.634481065,30.9763903299
B  38  0  0  103.634615841,30.9764392835 103.634548393,30.9764151547 103.635588669,30.9751654242 103.63563665,30.9751903926
B  38  1  0  103.634548393,30.9764151547 103.634481065,30.9763903299 103.635540648,30.9751404989 103.635588669,30.9751654242
B  38  2  0  103.634481065,30.9763903299 103.634413921,30.9763649368 103.635492671,30.9751155241 103.635540648,30.9751404989
B  39  0  0  103.63563665,30.9751903926 103.635588669,30.9751654242 103.636019291,30.9746028618 103.63607595,30.9746308364
B  39  1  0  103.635588669,30.9751654242 103.635540648,30.9751404989 103.635960009,30.9745773154 103.636019291,30.9746028618
B  39  2  0  103.635540648,30.9751404989 103.635492671,30.9751155241 103.635899196,30.9745547592 103.635960009,30.9745773154
B  40  0  0  103.63607595,30.9746308364 103.636019291,30.9746028618 103.636326923,30.9742488841 103.636417966,30.9743132047
B  40  1  0  103.636019291,30.9746028618 103.635960009,30.9745773154 103.636224455,30.9741987504 103.636326923,30.9742488841
B  40  2  0  103.635960009,30.9745773154 103.635899196,30.9745547592 103.636116025,30.9741650183 103.636224455,30.9741987504
B  41  0  0  103.636417966,30.9743132047 103.636326923,30.9742488841 103.636485361,30.9739929771 103.636635523,30.9740615047
B  41  1  0  103.636326923,30.9742488841 103.636224455,30.9741987504 103.636335206,30.973924451 103.636485361,30.9739929771
B  41  2  0  103.636224455,30.9741987504 103.636116025,30.9741650183 103.636185033,30.9738559158 103.636335206,30.973924451
B  42  0  0  103.636635523,30.9740615047 103.636485361,30.9739929771 103.636606563,30.9738828494 103.636751183,30.9739217005
B  42  1  0  103.636485361,30.9739929771 103.636335206,30.973924451 103.636477529,30.9738291508 103.636606563,30.9738828494
B  42  2  0  103.636335206,30.973924451 103.636185033,30.9738559158 103.636373956,30.973771347 103.636477529,30.9738291508
B  43  0  0  103.636751183,30.9739217005 103.636606563,30.9738828494 103.636714531,30.9737873009 103.636830913,30.9738232561
B  43  1  0  103.636606563,30.9738828494 103.636477529,30.9738291508 103.636603652,30.9737448756 103.636714531,30.9737873009
B  43  2  0  103.636477529,30.9738291508 103.636373956,30.973771347 103.636507361,30.9737053541 103.636603652,30.9737448756
B  44  0  0  103.636830913,30.9738232561 103.636714531,30.9737873009 103.636856755,30.9736225778 103.636957387,30.9736642986
B  44  1  0  103.636714531,30.9737873009 103.636603652,30.9737448756 103.636756086,30.9735809012 103.636856755,30.9736225778
B  44  2  0  103.636603652,30.9737448756 103.636507361,30.9737053541 103.636655425,30.9735392093 103.636756086,30.9735809012
B  45  0  0  103.636957387,30.9736642986 103.636856755,30.9736225778 103.637172989,30.9731804705 103.637294079,30.9732446915
B  45  1  0  103.636856755,30.9736225778 103.636756086,30.9735809012 103.637051773,30.9731192941 103.637172989,30.9731804705
B  45  2  0  103.636756086,30.9735809012 103.636655425,30.9735392093 103.63692922,30.9730604771 103.637051773,30.9731192941
B  46  0  0  103.637294079,30.9732446915 103.637172989,30.9731804705 103.637767255,30.9723862318 103.637877897,30.9724524332
B  46  1  0  103.637172989,30.9731804705 103.637051773,30.9731192941 103.637658057,30.9723207382 103.637767255,30.9723862318
B  46  2  0  103.637051773,30.9731192941 103.63692922,30.9730604771 103.63755,30.972255827 103.637658057,30.9723207382
B  47  0  0  103.637877897,30.9724524332 103.637767255,30.9723862318 103.63858265,30.9714271004 103.638692986,30.9715015292
B  47  1  0  103.637767255,30.9723862318 103.637658057,30.9723207382 103.638472346,30.9713526472 103.63858265,30.9714271004
B  47  2  0  103.637658057,30.9723207382 103.63755,30.972255827 103.638362079,30.971278157 103.638472346,30.9713526472
B  48  0  0  103.638692986,30.9715015292 103.63858265,30.9714271004 103.639823073,30.9705035782 103.639940269,30.9705910832
B  48  1  0  103.63858265,30.9714271004 103.638472346,30.9713526472 103.639707167,30.9704155782 103.639823073,30.9705035782
B  48  2  0  103.638472346,30.9713526472 103.638362079,30.971278157 103.639592153,30.9703266897 103.639707167,30.9704155782
B  49  0  0  103.639940269,30.9705910832 103.639823073,30.9705035782 103.641298101,30.9694814285 103.641389101,30.9695504723
B  49  1  0  103.639823073,30.9705035782 103.639707167,30.9704155782 103.641209059,30.9694112894 103.641298101,30.9694814285
B  49  2  0  103.639707167,30.9704155782 103.639592153,30.9703266897 103.641121986,30.969340094 103.641209059,30.9694112894
B  50  0  0  103.641389101,30.9695504723 103.641298101,30.9694814285 103.642425,30.9686854125 103.64251227,30.9687521977
B  50  1  0  103.641298101,30.9694814285 103.641209059,30.9694112894 103.642337746,30.9686186176 103.642425,30.9686854125
B  50  2  0  103.641209059,30.9694112894 103.641121986,30.969340094 103.642250437,30.9685518598 103.642337746,30.9686186176
B  51  0  0  103.64251227,30.9687521977 103.642425,30.9686854125 103.643100487,30.9681516773 103.643174183,30.9681982407
B  51  1  0  103.642425,30.9686854125 103.642337746,30.9686186176 103.64302549,30.9681047011 103.643100487,30.9681516773
B  51  2  0  103.642337746,30.9686186176 103.642250437,30.9685518598 103.642950268,30.9680586423 103.64302549,30.9681047011
B  52  0  0  103.643174183,30.9681982407 103.643100487,30.9681516773 103.643664179,30.9678034102 103.643736478,30.9678889402
B  52  1  0  103.643100487,30.9681516773 103.64302549,30.9681047011 103.643579359,30.9677211964 103.643664179,30.9678034102
B  52  2  0  103.64302549,30.9681047011 103.642950268,30.9680586423 103.643483808,30.9676447948 103.643579359,30.9677211964
B  53  0  0  103.643736478,30.9678889402 103.643664179,30.9678034102 103.644244976,30.9675825839 103.644355553,30.9676968378
B  53  1  0  103.643664179,30.9678034102 103.643579359,30.9677211964 103.644134391,30.9674683452 103.644244976,30.9675825839
B  53  2  0  103.643579359,30.9677211964 103.643483808,30.9676447948 103.644023877,30.9673540679 103.644134391,30.9674683452
B  54  0  0  103.644355553,30.9676968378 103.644244976,30.9675825839 103.644788912,30.9672515416 103.644897884,30.967322549
B  54  1  0  103.644244976,30.9675825839 103.644134391,30.9674683452 103.644678844,30.967174094 103.644788912,30.9672515416
B  54  2  0  103.644134391,30.9674683452 103.644023877,30.9673540679 103.64457069,30.9670933639 103.644678844,30.967174094
B  55  0  0  103.644897884,30.967322549 103.644788912,30.9672515416 103.645218479,30.9668876118 103.645348684,30.9669487162
B  55  1  0  103.644788912,30.9672515416 103.644678844,30.967174094 103.645083283,30.9668271273 103.645218479,30.9668876118
B  55  2  0  103.644678844,30.967174094 103.64457069,30.9670933639 103.644944722,30.9667694133 103.645083283,30.9668271273
B  56  0  0  103.645348684,30.9669487162 103.645218479,30.9668876118 103.645429747,30.9665714941 103.645582117,30.9666152015
B  56  1  0  103.645218479,30.9668876118 103.645083283,30.9668271273 103.645277344,30.9665278207 103.645429747,30.9665714941
B  56  2  0  103.645083283,30.9668271273 103.644944722,30.9667694133 103.645124949,30.9664841253 103.645277344,30.9665278207
B  57  0  0  103.645582117,30.9666152015 103.645429747,30.9665714941 103.645617032,30.9663991095 103.645778289,30.9664528592
B  57  1  0  103.645429747,30.9665714941 103.645277344,30.9665278207 103.645429722,30.9663523447 103.645617032,30.9663991095
B  57  2  0  103.645277344,30.9665278207 103.645124949,30.9664841253 103.645236931,30.966325376 103.645429722,30.9663523447
B  58  0  0  103.645778289,30.9664528592 103.645617032,30.9663991095 103.645759165,30.9662785662 103.645953275,30.9663533689
B  58  1  0  103.645617032,30.9663991095 103.645429722,30.9663523447 103.645532837,30.9662237414 103.645759165,30.9662785662
B  58  2  0  103.645429722,30.9663523447 103.645236931,30.966325376 103.645299261,30.9661996429 103.645532837,30.9662237414
B  59  0  0  103.645953275,30.9663533689 103.645759165,30.9662785662 103.645880392,30.9661676645 103.646145235,30.9662302499
B  59  1  0  103.645759165,30.9662785662 103.645532837,30.9662237414 103.645615572,30.9661050956 103.645880392,30.9661676645
B  59  2  0  103.645532837,30.9662237414 103.645299261,30.9661996429 103.645350775,30.966042469 103.645615572,30.9661050956
B  60  0  0  103.646145235,30.9662302499 103.645880392,30.9661676645 103.645883049,30.9659721126 103.646137362,30.965987491
B  60  1  0  103.645880392,30.9661676645 103.645615572,30.9661050956 103.645642325,30.9659218765 103.645883049,30.9659721126
B  60  2  0  103.645615572,30.9661050956 103.645350775,30.966042469 103.64539586,30.9658384081 103.645642325,30.9659218765
B  61  0  0  103.646137362,30.965987491 103.645883049,30.9659721126 103.645820695,30.9657298645 103.645997115,30.9657364878
B  61  1  0  103.645883049,30.9659721126 103.645642325,30.9659218765 103.645634436,30.9656876883 103.645820695,30.9657298645
B  61  2  0  103.645642325,30.9659218765 103.64539586,30.9658384081 103.645440346,30.9656038784 103.645634436,30.9656876883
B  62  0  0  103.645997115,30.9657364878 103.645820695,30.9657298645 103.645798462,30.965353496 103.645911949,30.9653758879
B  62  1  0  103.645820695,30.9657298645 103.645634436,30.9656876883 103.645684992,30.9653310653 103.645798462,30.965353496
B  62  2  0  103.645634436,30.9656876883 103.645440346,30.9656038784 103.645571524,30.965308647 103.645684992,30.9653310653
B  63  0  0  103.645911949,30.9653758879 103.645798462,30.965353496 103.645631775,30.9645732355 103.645789128,30.9645739468
B  63  1  0  103.645798462,30.965353496 103.645684992,30.9653310653 103.645477078,30.9645739237 103.645631775,30.9645732355
B  63  2  0  103.645684992,30.9653310653 103.645571524,30.965308647 103.645322322,30.9645765996 103.645477078,30.9645739237
B  64  0  0  103.645789128,30.9645739468 103.645631775,30.9645732355 103.645188603,30.96343608 103.645314792,30.963434447
B  64  1  0  103.645631775,30.9645732355 103.645477078,30.9645739237 103.645061097,30.9634346562 103.645188603,30.96343608
B  64  2  0  103.645477078,30.9645739237 103.645322322,30.9645765996 103.644931675,30.9634302897 103.645061097,30.9634346562
B  65  0  0  103.645314792,30.963434447 103.645188603,30.96343608 103.644909754,30.9624915475 103.645029343,30.9625116203
B  65  1  0  103.645188603,30.96343608 103.645061097,30.9634346562 103.644790163,30.9624714856 103.644909754,30.9624915475
B  65  2  0  103.645061097,30.9634346562 103.644931675,30.9634302897 103.644670555,30.9624513583 103.644790163,30.9624714856
B  66  0  0  103.645029343,30.9625116203 103.644909754,30.9624915475 103.645031138,30.9619429247 103.64512753,30.9619799918
B  66  1  0  103.644909754,30.9624915475 103.644790163,30.9624714856 103.644936806,30.961906099 103.645031138,30.9619429247
B  66  2  0  103.644790163,30.9624714856 103.644670555,30.9624513583 103.644846316,30.9618701061 103.644936806,30.961906099
B  67  0  0  103.64512753,30.9619799918 103.645031138,30.9619429247 103.645266055,30.9615445089 103.645357868,30.9616141105
B  67  1  0  103.645031138,30.9619429247 103.644936806,30.961906099 103.645172492,30.9614798049 103.645266055,30.9615445089
B  67  2  0  103.644936806,30.961906099 103.644846316,30.9618701061 103.64507863,30.9614200803 103.645172492,30.9614798049
B  68  0  0  103.645357868,30.9616141105 103.645266055,30.9615445089 103.645598335,30.9612513498 103.645679336,30.9613401058
B  68  1  0  103.645266055,30.9615445089 103.645172492,30.9614798049 103.645517385,30.9611625469 103.645598335,30.9612513498
B  68  2  0  103.645172492,30.9614798049 103.64507863,30.9614200803 103.645436436,30.9610737377 103.645517385,30.9611625469
B  69  0  0  103.645679336,30.9613401058 103.645598335,30.9612513498 103.646062574,30.9611290702 103.646129945,30.9612542275
B  69  1  0  103.645598335,30.9612513498 103.645517385,30.9611625469 103.64599399,30.9610137203 103.646062574,30.9611290702
B  69  2  0  103.645517385,30.9611625469 103.645436436,30.9610737377 103.645924161,30.9609077909 103.64599399,30.9610137203
B  70  0  0  103.646129945,30.9612542275 103.646062574,30.9611290702 103.646520493,30.9610858546 103.646553644,30.9612190054
B  70  1  0  103.646062574,30.9611290702 103.64599399,30.9610137203 103.646476665,30.9609629039 103.646520493,30.9610858546
B  70  2  0  103.64599399,30.9610137203 103.645924161,30.9609077909 103.646425663,30.960856131 103.646476665,30.9609629039
B  71  0  0  103.646553644,30.9612190054 103.646520493,30.9610858546 103.646869642,30.961019205 103.646900647,30.9611883337
B  71  1  0  103.646520493,30.9610858546 103.646476665,30.9609629039 103.646838463,30.9608500896 103.646869642,30.961019205
B  71  2  0  103.646476665,30.9609629039 103.646425663,30.960856131 103.646807306,30.9606809504 103.646838463,30.9608500896
B  72  0  0  103.646900647,30.9611883337 103.646869642,30.961019205 103.647132383,30.9609955272 103.647142222,30.9611708288
B  72  1  0  103.646869642,30.961019205 103.646838463,30.9608500896 103.647127407,30.96082591 103.647132383,30.9609955272
B  72  2  0  103.646838463,30.9608500896 103.646807306,30.9606809504 103.647139615,30.96062377 103.647127407,30.96082591
B  73  0  0  103.647142222,30.9611708288 103.647132383,30.9609955272 103.647322123,30.9609959325 103.647341809,30.9611632743
B  73  1  0  103.647132383,30.9609955272 103.647127407,30.96082591 103.647345977,30.9608414348 103.647322123,30.9609959325
B  73  2  0  103.647127407,30.96082591 103.647139615,30.96062377 103.647433052,30.9606668265 103.647345977,30.9608414348
B  74  0  0  103.647341809,30.9611632743 103.647322123,30.9609959325 103.647602255,30.9610588515 103.647593358,30.9611532856
B  74  1  0  103.647322123,30.9609959325 103.647345977,30.9608414348 103.647611064,30.9609644271 103.647602255,30.9610588515
B  74  2  0  103.647345977,30.9608414348 103.647433052,30.9606668265 103.647619867,30.960869984 103.647611064,30.9609644271
B  75  0  0  103.647593358,30.9611532856 103.647602255,30.9610588515 103.647982559,30.9610357696 103.6479942,30.9611110263
B  75  1  0  103.647602255,30.9610588515 103.647611064,30.9609644271 103.647971067,30.9609544529 103.647982559,30.9610357696
B  75  2  0  103.647611064,30.9609644271 103.647619867,30.960869984 103.647959638,30.9608672204 103.647971067,30.9609544529
B  76  0  0  103.6479942,30.9611110263 103.647982559,30.9610357696 103.64845775,30.9609642674 103.648506283,30.9610346899
B  76  1  0  103.647982559,30.9610357696 103.647971067,30.9609544529 103.648405613,30.9608882595 103.64845775,30.9609642674
B  76  2  0  103.647971067,30.9609544529 103.647959638,30.9608672204 103.648348954,30.9608059689 103.648405613,30.9608882595
B  77  0  0  103.648506283,30.9610346899 103.64845775,30.9609642674 103.64888047,30.9607767471 103.648958671,30.9608390936
B  77  1  0  103.64845775,30.9609642674 103.648405613,30.9608882595 103.648802188,30.9607144657 103.64888047,30.9607767471
B  77  2  0  103.648405613,30.9608882595 103.648348954,30.9608059689 103.648723888,30.9606521998 103.648802188,30.9607144657
B  78  0  0  103.648958671,30.9608390936 103.64888047,30.9607767471 103.649212588,30.9605388441 103.649277962,30.9605800825
B  78  1  0  103.64888047,30.9607767471 103.648802188,30.9607144657 103.6491483,30.9604961196 103.649212588,30.9605388441
B  78  2  0  103.648802188,30.9607144657 103.648723888,30.9606521998 103.649086468,30.9604535838 103.6491483,30.9604961196
B  79  0  0  103.649277962,30.9605800825 103.649212588,30.9605388441 103.649589604,30.9603447789 103.649652423,30.9604047473
B  79  1  0  103.649212588,30.9605388441 103.6491483,30.9604961196 103.649523821,30.9602871346 103.649589604,30.9603447789
B  79  2  0  103.6491483,30.9604961196 103.649086468,30.9604535838 103.649456055,30.9602326358 103.649523821,30.9602871346
B  80  0  0  103.649652423,30.9604047473 103.649589604,30.9603447789 103.649975963,30.9601373059 103.650036344,30.9602062251
B  80  1  0  103.649589604,30.9603447789 103.649523821,30.9602871346 103.649915592,30.9600683778 103.649975963,30.9601373059
B  80  2  0  103.649523821,30.9602871346 103.649456055,30.9602326358 103.649855237,30.9599994099 103.649915592,30.9600683778
B  81  0  0  103.650036344,30.9602062251 103.649975963,30.9601373059 103.650427818,30.9599912692 103.650476227,30.9600819641
B  81  1  0  103.649975963,30.9601373059 103.649915592,30.9600683778 103.650375456,30.9599044861 103.650427818,30.9599912692
B  81  2  0  103.649915592,30.9600683778 103.649855237,30.9599994099 103.650319017,30.9598209089 103.650375456,30.9599044861
B  82  0  0  103.650476227,30.9600819641 103.650427818,30.9599912692 103.650921038,30.9599139425 103.650955381,30.9600220458
B  82  1  0  103.650427818,30.9599912692 103.650375456,30.9599044861 103.650885185,30.9598104804 103.650921038,30.9599139425
B  82  2  0  103.650375456,30.9599044861 103.650319017,30.9598209089 103.650847366,30.9597100835 103.650885185,30.9598104804
B  83  0  0  103.650955381,30.9600220458 103.650921038,30.9599139425 103.651507248,30.9598749327 103.651526204,30.9599842745
B  83  1  0  103.650921038,30.9599139425 103.650885185,30.9598104804 103.651488098,30.9597655258 103.651507248,30.9598749327
B  83  2  0  103.650885185,30.9598104804 103.650847366,30.9597100835 103.651468733,30.9596561232 103.651488098,30.9597655258
B  84  0  0  103.651526204,30.9599842745 103.651507248,30.9598749327 103.652366797,30.9600406058 103.652376379,30.9601609456
B  84  1  0  103.651507248,30.9598749327 103.651488098,30.9597655258 103.652353912,30.9599209572 103.652366797,30.9600406058
B  84  2  0  103.651488098,30.9597655258 103.651468733,30.9596561232 103.652337803,30.9598015989 103.652353912,30.9599209572
B  85  0  0  103.652376379,30.9601609456 103.652366797,30.9600406058 103.653350295,30.9602298429 103.653360696,30.9603641183
B  85  1  0  103.652366797,30.9600406058 103.652353912,30.9599209572 103.653339436,30.9600994069 103.653350295,30.9602298429
B  85  2  0  103.652353912,30.9599209572 103.652337803,30.9598015989 103.653328257,30.9599716028 103.653339436,30.9600994069
B  86  0  0  103.653360696,30.9603641183 103.653350295,30.9602298429 103.653998167,30.9602094209 103.654021472,30.9603302683
B  86  1  0  103.653350295,30.9602298429 103.653339436,30.9600994069 103.653974888,30.9600885703 103.653998167,30.9602094209
B  86  2  0  103.653339436,30.9600994069 103.653328257,30.9599716028 103.653951764,30.9599677222 103.653974888,30.9600885703
B  87  0  0  103.654021472,30.9603302683 103.653998167,30.9602094209 103.654256435,30.9601427289 103.654299513,30.9602196625
B  87  1  0  103.653998167,30.9602094209 103.653974888,30.9600885703 103.654225075,30.9600533389 103.654256435,30.9601427289
B  87  2  0  103.653974888,30.9600885703 103.653951764,30.9599677222 103.654210183,30.9599619661 103.654225075,30.9600533389
B  88  0  0  103.654299513,30.9602196625 103.654256435,30.9601427289 103.654454426,30.9600701815 103.654490941,30.9601365854
B  88  1  0  103.654256435,30.9601427289 103.654225075,30.9600533389 103.654415432,30.9599973824 103.654454426,30.9600701815
B  88  2  0  103.654225075,30.9600533389 103.654210183,30.9599619661 103.654377276,30.9599259774 103.654415432,30.9599973824
B  89  0  0  103.654490941,30.9601365854 103.654454426,30.9600701815 103.654658535,30.9599721683 103.654714691,30.9600454095
B  89  1  0  103.654454426,30.9600701815 103.654415432,30.9599973824 103.654602293,30.9598989729 103.654658535,30.9599721683
B  89  2  0  103.654415432,30.9599973824 103.654377276,30.9599259774 103.654546052,30.9598257779 103.654602293,30.9598989729
B  90  0  0  103.654714691,30.9600454095 103.654658535,30.9599721683 103.654900049,30.9598390262 103.654972444,30.9599230776
B  90  1  0  103.654658535,30.9599721683 103.654602293,30.9598989729 103.654823404,30.9597600533 103.654900049,30.9598390262
B  90  2  0  103.654602293,30.9598989729 103.654546052,30.9598257779 103.654738411,30.9596825557 103.654823404,30.9597600533
B  91  0  0  103.654972444,30.9599230776 103.654900049,30.9598390262 103.655118922,30.9596687104 103.655210314,30.9597410176
B  91  1  0  103.654900049,30.9598390262 103.654823404,30.9597600533 103.655030897,30.9595952908 103.655118922,30.9596687104
B  91  2  0  103.654823404,30.9597600533 103.654738411,30.9596825557 103.654941532,30.9595163001 103.655030897,30.9595952908
B  92  0  0  103.655210314,30.9597410176 103.655118922,30.9596687104 103.65540627,30.9593384954 103.655491377,30.9593937107
B  92  1  0  103.655118922,30.9596687104 103.655030897,30.9595952908 103.655321069,30.9592834214 103.65540627,30.9593384954
B  92  2  0  103.655030897,30.9595952908 103.654941532,30.9595163001 103.655235789,30.9592284391 103.655321069,30.9592834214
B  93  0  0  103.655491377,30.9593937107 103.65540627,30.9593384954 103.656114551,30.9584857573 103.656204229,30.9585278172
B  93  1  0  103.65540627,30.9593384954 103.655321069,30.9592834214 103.656024889,30.9584432433 103.656114551,30.9584857573
B  93  2  0  103.655321069,30.9592834214 103.655235789,30.9592284391 103.655935294,30.958400307 103.656024889,30.9584432433
B  94  0  0  103.656204229,30.9585278172 103.656114551,30.9584857573 103.657416802,30.9571231279 103.657501586,30.9571667827
B  94  1  0  103.656114551,30.9584857573 103.656024889,30.9584432433 103.657331741,30.9570793465 103.657416802,30.9571231279
B  94  2  0  103.656024889,30.9584432433 103.655935294,30.958400307 103.65724646,30.95703548 103.657331741,30.9570793465
B  95  0  0  103.657501586,30.9571667827 103.657416802,30.9571231279 103.658549287,30.9560722068 103.658630298,30.9561254435
B  95  1  0  103.657416802,30.9571231279 103.657331741,30.9570793465 103.658468415,30.9560188598 103.658549287,30.9560722068
B  95  2  0  103.657331741,30.9570793465 103.65724646,30.95703548 103.658387618,30.9559654612 103.658468415,30.9560188598
B  96  0  0  103.658630298,30.9561254435 103.658549287,30.9560722068 103.659230129,30.9556546815 103.659307072,30.9557130777
B  96  1  0  103.658549287,30.9560722068 103.658468415,30.9560188598 103.659153697,30.9555975236 103.659230129,30.9556546815
B  96  2  0  103.658468415,30.9560188598 103.658387618,30.9559654612 103.659077945,30.9555418009 103.659153697,30.9555975236
B  97  0  0  103.659307072,30.9557130777 103.659230129,30.9556546815 103.659777571,30.9553460035 103.659852076,30.9554126041
B  97  1  0  103.659230129,30.9556546815 103.659153697,30.9555975236 103.659702617,30.9552818934 103.659777571,30.9553460035
B  97  2  0  103.659153697,30.9555975236 103.659077945,30.9555418009 103.65962746,30.9552204851 103.659702617,30.9552818934
B  98  0  0  103.659852076,30.9554126041 103.659777571,30.9553460035 103.660359879,30.9549521512 103.660438654,30.9550278153
B  98  1  0  103.659777571,30.9553460035 103.659702617,30.9552818934 103.660281234,30.9548763985 103.660359879,30.9549521512
B  98  2  0  103.659702617,30.9552818934 103.65962746,30.9552204851 103.660202543,30.9548007054 103.660281234,30.9548763985
B  99  0  0  103.660438654,30.9550278153 103.660359879,30.9549521512 103.661087238,30.9541281293 103.661185651,30.9542027277
B  99  1  0  103.660359879,30.9549521512 103.660281234,30.9548763985 103.660987873,30.9540557916 103.661087238,30.9541281293
B  99  2  0  103.660281234,30.9548763985 103.660202543,30.9548007054 103.660887497,30.9539856705 103.660987873,30.9540557916
B  100  0  0  103.661185651,30.9542027277 103.661087238,30.9541281293 103.661772994,30.9531973277 103.661877433,30.9532868673
B  100  1  0  103.661087238,30.9541281293 103.660987873,30.9540557916 103.6616672,30.953109049 103.661772994,30.9531973277
B  100  2  0  103.660987873,30.9540557916 103.660887497,30.9539856705 103.661559792,30.9530218182 103.6616672,30.953109049
B  101  0  0  103.661877433,30.9532868673 103.661772994,30.9531973277 103.662200723,30.9527100958 103.662300587,30.9528070661
B  101  1  0  103.661772994,30.9531973277 103.6616672,30.953109049 103.662100905,30.9526130865 103.662200723,30.9527100958
B  101  2  0  103.6616672,30.953109049 103.661559792,30.9530218182 103.662001399,30.9525157219 103.662100905,30.9526130865
B  102  0  0  103.662300587,30.9528070661 103.662200723,30.9527100958 103.662400404,30.9525867219 103.662501635,30.9527328816
B  102  1  0  103.662200723,30.9527100958 103.662100905,30.9526130865 103.662286152,30.9524621056 103.662400404,30.9525867219
B  102  2  0  103.662100905,30.9526130865 103.662001399,30.9525157219 103.662156275,30.9523544422 103.662286152,30.9524621056
B  103  0  0  103.662501635,30.9527328816 103.662400404,30.9525867219 103.662507089,30.9525186697 103.66262069,30.9526765711
B  103  1  0  103.662400404,30.9525867219 103.662286152,30.9524621056 103.662386221,30.9523802125 103.662507089,30.9525186697
B  103  2  0  103.662286152,30.9524621056 103.662156275,30.9523544422 103.662254086,30.9522557084 103.662386221,30.9523802125
B  104  0  0  103.66262069,30.9526765711 103.662507089,30.9525186697 103.662681495,30.9524153677 103.662813335,30.9525753199
B  104  1  0  103.662507089,30.9525186697 103.662386221,30.9523802125 103.66254946,30.9522555219 103.662681495,30.9524153677
B  104  2  0  103.662386221,30.9523802125 103.662254086,30.9522557084 103.662417313,30.9520957199 103.66254946,30.9522555219
B  105  0  0  103.662813335,30.9525753199 103.662681495,30.9524153677 103.663315271,30.9520577163 103.663388965,30.952306023
B  105  1  0  103.662681495,30.9524153677 103.66254946,30.9522555219 103.663155797,30.951828428 103.663315271,30.9520577163
B  105  2  0  103.66254946,30.9522555219 103.662417313,30.9520957199 103.662919285,30.9516378351 103.663155797,30.951828428
B  106  0  0  103.663388965,30.952306023 103.663315271,30.9520577163 103.664615741,30.9516924782 103.664747274,30.9521144787
B  106  1  0  103.663315271,30.9520577163 103.663155797,30.951828428 103.664362164,30.951274283 103.664615741,30.9516924782
B  106  2  0  103.663155797,30.951828428 103.662919285,30.9516378351 103.663972137,30.9508810574 103.664362164,30.951274283
B  107  0  0  103.664747274,30.9521144787 103.664615741,30.9516924782 103.666034735,30.9514801056 103.66637574,30.9520712638
B  107  1  0  103.664615741,30.9516924782 103.664362164,30.951274283 103.665693831,30.9508889339 103.666034735,30.9514801056
B  107  2  0  103.664362164,30.951274283 103.663972137,30.9508810574 103.665352955,30.9502977474 103.665693831,30.9508889339
B  108  0  0  103.66637574,30.9520712638 103.666034735,30.9514801056 103.667273087,30.9508870823 103.667651309,30.951428099
B  108  1  0  103.666034735,30.9514801056 103.665693831,30.9508889339 103.666924043,30.9503413417 103.667273087,30.9508870823
B  108  2  0  103.665693831,30.9508889339 103.665352955,30.9502977474 103.666599105,30.9497870791 103.666924043,30.9503413417
B  109  0  0  103.667651309,30.951428099 103.667273087,30.9508870823 103.668558496,30.9501625295 103.668956613,30.9506522854
B  109  1  0  103.667273087,30.9508870823 103.666924043,30.9503413417 103.668202555,30.9496614567 103.668558496,30.9501625295
B  109  2  0  103.666924043,30.9503413417 103.666599105,30.9497870791 103.66787843,30.9491387428 103.668202555,30.9496614567
B  110  0  0  103.668956613,30.9506522854 103.668558496,30.9501625295 103.669781771,30.9493132632 103.670101874,30.9497438675
B  110  1  0  103.668558496,30.9501625295 103.668202555,30.9496614567 103.669461744,30.9488826113 103.669781771,30.9493132632
B  110  2  0  103.668202555,30.9496614567 103.66787843,30.9491387428 103.669141719,30.9484519492 103.669461744,30.9488826113
B  111  0  0  103.670101874,30.9497438675 103.669781771,30.9493132632 103.670995416,30.948600648 103.671325097,30.949000899
B  111  1  0  103.669781771,30.9493132632 103.669461744,30.9488826113 103.67070373,30.9481956059 103.670995416,30.948600648
B  111  2  0  103.669461744,30.9488826113 103.669141719,30.9484519492 103.670444839,30.9477800511 103.67070373,30.9481956059
B  112  0  0  103.671325097,30.949000899 103.670995416,30.948600648 103.672138018,30.9477928116 103.672384374,30.9481322484
B  112  1  0  103.670995416,30.948600648 103.67070373,30.9481956059 103.671919045,30.947433882 103.672138018,30.9477928116
B  112  2  0  103.67070373,30.9481956059 103.670444839,30.9477800511 103.671729667,30.9470572584 103.671919045,30.947433882
B  113  0  0  103.672384374,30.9481322484 103.672138018,30.9477928116 103.673408167,30.9472124996 103.673577307,30.947537137
B  113  1  0  103.672138018,30.9477928116 103.671919045,30.947433882 103.673238411,30.9468880916 103.673408167,30.9472124996
B  113  2  0  103.671919045,30.947433882 103.671729667,30.9470572584 103.673069146,30.9465635557 103.673238411,30.9468880916
B  114  0  0  103.673577307,30.947537137 103.673408167,30.9472124996 103.674890865,30.9468397074 103.675020523,30.9470603902
B  114  1  0  103.673408167,30.9472124996 103.673238411,30.9468880916 103.674802523,30.9466168383 103.674890865,30.9468397074
B  114  2  0  103.673238411,30.9468880916 103.673069146,30.9465635557 103.674754276,30.9463958993 103.674802523,30.9466168383
B  115  0  0  103.675020523,30.9470603902 103.674890865,30.9468397074 103.676260196,30.9465563089 103.676311923,30.9466900205
B  115  1  0  103.674890865,30.9468397074 103.674802523,30.9466168383 103.676235012,30.9464208292 103.676260196,30.9465563089
B  115  2  0  103.674802523,30.9466168383 103.674754276,30.9463958993 103.676235718,30.946285604 103.676235012,30.9464208292
B  116  0  0  103.676311923,30.9466900205 103.676260196,30.9465563089 103.677005186,30.9463741649 103.67701797,30.9464605205
B  116  1  0  103.676260196,30.9465563089 103.676235012,30.9464208292 103.676992631,30.9462877268 103.677005186,30.9463741649
B  116  2  0  103.676235012,30.9464208292 103.676235718,30.946285604 103.676980175,30.9462012412 103.676992631,30.9462877268
B  117  0  0  103.67701797,30.9464605205 103.677005186,30.9463741649 103.677241886,30.9462768825 103.677257435,30.9463662699
B  117  1  0  103.677005186,30.9463741649 103.676992631,30.9462877268 103.677213783,30.9461834582 103.677241886,30.9462768825
B  117  2  0  103.676992631,30.9462877268 103.676980175,30.9462012412 103.677174371,30.9460886622 103.677213783,30.9461834582
B  118  0  0  103.677257435,30.9463662699 103.677241886,30.9462768825 103.677386491,30.94622314 103.677412977,30.9463241436
B  118  1  0  103.677241886,30.9462768825 103.677213783,30.9461834582 103.677344685,30.946120402 103.677386491,30.94622314
B  118  2  0  103.677213783,30.9461834582 103.677174371,30.9460886622 103.677288107,30.9460167392 103.677344685,30.946120402
B  119  0  0  103.677412977,30.9463241436 103.677386491,30.94622314 103.677608039,30.9461139802 103.677669373,30.946227124
B  119  1  0  103.677386491,30.94622314 103.677344685,30.946120402 103.677546537,30.9460009523 103.677608039,30.9461139802
B  119  2  0  103.677344685,30.946120402 103.677288107,30.9460167392 103.677484955,30.9458879772 103.677546537,30.9460009523
B  120  0  0  103.677669373,30.946227124 103.677608039,30.9461139802 103.678627816,30.9453709776 103.678666668,30.9454689683
B  120  1  0  103.677608039,30.9461139802 103.677546537,30.9460009523 103.678587059,30.9452730477 103.678627816,30.9453709776
B  120  2  0  103.677546537,30.9460009523 103.677484955,30.9458879772 103.678544739,30.9451755324 103.678587059,30.9452730477
B  121  0  0  103.678666668,30.9454689683 103.678627816,30.9453709776 103.68082003,30.9441058151 103.680873975,30.9442549069
B  121  1  0  103.678627816,30.9453709776 103.678587059,30.9452730477 103.680760406,30.943958429 103.68082003,30.9441058151
B  121  2  0  103.678587059,30.9452730477 103.678544739,30.9451755324 103.680695344,30.9438131285 103.680760406,30.943958429
B  122  0  1  103.680873975,30.9442549069 103.68082003,30.9441058151 103.682394215,30.9432233127 103.682502488,30.9433778139
B  122  1  1  103.68082003,30.9441058151 103.680760406,30.943958429 103.682285964,30.9430688142 103.682394215,30.9432233127
B  122  2  1  103.680760406,30.943958429 103.680695344,30.9438131285 103.682177741,30.9429143211 103.682285964,30.9430688142
