G  0  0  0  104.0153187043262,30.74928162028877 104.0152982889407,30.74941323166114 104.0164026625104,30.75017241325973 104.0164159970126,30.750049470987
G  0  1  0  104.0152982889407,30.74941323166114 104.0152778725435,30.74954484915761 104.016388961351,30.75029116622503 104.0164026625104,30.75017241325973
G  0  2  0  104.0152778725435,30.74954484915761 104.0152574578292,30.7496764554071 104.0163750632448,30.75040635181447 104.016388961351,30.75029116622503
G  1  0  0  104.0164159970126,30.750049470987 104.0164026625104,30.75017241325973 104.0171692612123,30.75102078426449 104.0171809066556,30.75088970054716
G  1  1  0  104.0164026625104,30.75017241325973 104.016388961351,30.75029116622503 104.0171563266553,30.75115455923086 104.0171692612123,30.75102078426449
G  1  2  0  104.016388961351,30.75029116622503 104.0163750632448,30.75040635181447 104.0171415916011,30.75129189150512 104.0171563266553,30.75115455923086
G  2  0  0  104.0171809066556,30.75088970054716 104.0171692612123,30.75102078426449 104.0182617595789,30.75126883563288 104.0182052294475,30.75114998082329
G  2  1  0  104.0171692612123,30.75102078426449 104.0171563266553,30.75115455923086 104.0183182989084,30.75138770947297 104.0182617595789,30.75126883563288
G  2  2  0  104.0171563266553,30.75115455923086 104.0171415916011,30.75129189150512 104.0183748271251,30.75150655963997 104.0183182989084,30.75138770947297
G  3  0  0  104.0182052294475,30.75114998082329 104.0182617595789,30.75126883563288 104.0188651323463,30.75020242746097 104.0187764893365,30.75011881003499
G  3  1  0  104.0182617595789,30.75126883563288 104.0183182989084,30.75138770947297 104.0189533518758,30.75028749731745 104.0188651323463,30.75020242746097
G  3  2  0  104.0183182989084,30.75138770947297 104.0183748271251,30.75150655963997 104.0190409039714,30.7503738433675 104.0189533518758,30.75028749731745
G  4  0  0  104.0187764893365,30.75011881003499 104.0188651323463,30.75020242746097 104.0187505178026,30.748941258149 104.0186005355572,30.74890141718419
G  4  1  0  104.0188651323463,30.75020242746097 104.0189533518758,30.75028749731745 104.0188964826383,30.74897741989477 104.0187505178026,30.748941258149
G  4  2  0  104.0189533518758,30.75028749731745 104.0190409039714,30.7503738433675 104.0190409093254,30.74901013292354 104.0188964826383,30.74897741989477
G  5  0  0  104.0186005355572,30.74890141718419 104.0187505178026,30.748941258149 104.01843179931,30.747819228189 104.018328811726,30.74779994321209
G  5  1  0  104.0187505178026,30.748941258149 104.0188964826383,30.74897741989477 104.01853479174,30.74783851398427 104.01843179931,30.747819228189
G  5  2  0  104.0188964826383,30.74897741989477 104.0190409093254,30.74901013292354 104.0186377793286,30.74785779878393 104.01853479174,30.74783851398427
G  6  0  0  104.018328811726,30.74779994321209 104.01843179931,30.747819228189 104.0188004216098,30.7468923717688 104.018638222617,30.74686682861668
G  6  1  0  104.01843179931,30.747819228189 104.01853479174,30.74783851398427 104.0189678641069,30.7469246910277 104.0188004216098,30.7468923717688
G  6  2  0  104.01853479174,30.74783851398427 104.0186377793286,30.74785779878393 104.0191428285127,30.74696473093169 104.0189678641069,30.7469246910277
G  7  0  0  104.018638222617,30.74686682861668 104.0188004216098,30.7468923717688 104.0189352936984,30.74602137203966 104.0187785622075,30.74600263127093
G  7  1  0  104.0188004216098,30.7468923717688 104.0189678641069,30.7469246910277 104.0191022906045,30.74604170194345 104.0189352936984,30.74602137203966
G  7  2  0  104.0189678641069,30.7469246910277 104.0191428285127,30.74696473093169 104.0192799391061,30.74606430724597 104.0191022906045,30.74604170194345
G  8  0  0  104.0187785622075,30.74600263127093 104.0189352936984,30.74602137203966 104.018583432559,30.74519195185326 104.0183958506364,30.7451563574728
G  8  1  0  104.0189352936984,30.74602137203966 104.0191022906045,30.74604170194345 104.0187710517868,30.74522755301641 104.018583432559,30.74519195185326
G  8  2  0  104.0191022906045,30.74604170194345 104.0192799391061,30.74606430724597 104.0189586222834,30.74526314463668 104.0187710517868,30.74522755301641
G  9  0  0  104.0183958506364,30.7451563574728 104.018583432559,30.74519195185326 104.0182791876087,30.74436064209311 104.0181117322441,30.7442585522849
G  9  1  0  104.018583432559,30.74519195185326 104.0187710517868,30.74522755301641 104.0184410631821,30.7444565874948 104.0182791876087,30.74436064209311
G  9  2  0  104.0187710517868,30.74522755301641 104.0189586222834,30.74526314463668 104.0185908460623,30.7445463762353 104.0184410631821,30.7444565874948
G  10  0  0  104.0181117322441,30.7442585522849 104.0182791876087,30.74436064209311 104.0187332871504,30.74357846339219 104.0186316427595,30.74343500569285
G  10  1  0  104.0182791876087,30.74436064209311 104.0184410631821,30.7444565874948 104.0188302084571,30.74372695106796 104.0187332871504,30.74357846339219
G  10  2  0  104.0184410631821,30.7444565874948 104.0185908460623,30.7445463762353 104.0189162618964,30.74388000905631 104.0188302084571,30.74372695106796
G  11  0  0  104.0186316427595,30.74343500569285 104.0187332871504,30.74357846339219 104.0196486296692,30.74315701505106 104.019590837185,30.74297101224034
G  11  1  0  104.0187332871504,30.74357846339219 104.0188302084571,30.74372695106796 104.0197064272366,30.74334303351127 104.0196486296692,30.74315701505106
G  11  2  0  104.0188302084571,30.74372695106796 104.0189162618964,30.74388000905631 104.0197642157181,30.74352902201882 104.0197064272366,30.74334303351127
G  12  0  0  104.019590837185,30.74297101224034 104.0196486296692,30.74315701505106 104.0207805653224,30.74340217282537 104.0207605080673,30.74315648725188
G  12  1  0  104.0196486296692,30.74315701505106 104.0197064272366,30.74334303351127 104.0208062504782,30.74364038738945 104.0207805653224,30.74340217282537
G  12  2  0  104.0197064272366,30.74334303351127 104.0197642157181,30.74352902201882 104.0208304103662,30.74387839852697 104.0208062504782,30.74364038738945
G  13  0  0  104.0207605080673,30.74315648725188 104.0207805653224,30.74340217282537 104.0217682832352,30.74405859957872 104.0216889305008,30.74388455284336
G  13  1  0  104.0207805653224,30.74340217282537 104.0208062504782,30.74364038738945 104.0218418801872,30.74424965340465 104.0217682832352,30.74405859957872
G  13  2  0  104.0208062504782,30.74364038738945 104.0208304103662,30.74387839852697 104.0219095106631,30.74445103650087 104.0218418801872,30.74424965340465
G  14  0  0  104.0216889305008,30.74388455284336 104.0217682832352,30.74405859957872 104.0229783857577,30.7438592527883 104.0228359448359,30.74358949178265
G  14  1  0  104.0217682832352,30.74405859957872 104.0218418801872,30.74424965340465 104.0231208287039,30.74412901600569 104.0229783857577,30.7438592527883
G  14  2  0  104.0218418801872,30.74424965340465 104.0219095106631,30.74445103650087 104.0232632690617,30.74439877269939 104.0231208287039,30.74412901600569
G  15  0  0  104.0228359448359,30.74358949178265 104.0229783857577,30.7438592527883 104.0238070449426,30.74298642430939 104.0236307315058,30.74272684778704
G  15  1  0  104.0229783857577,30.7438592527883 104.0231208287039,30.74412901600569 104.0239525617748,30.74320462170912 104.0238070449426,30.74298642430939
G  15  2  0  104.0231208287039,30.74412901600569 104.0232632690617,30.74439877269939 104.0240800187011,30.7433919291271 104.0239525617748,30.74320462170912
G  16  0  0  104.0236307315058,30.74272684778704 104.0238070449426,30.74298642430939 104.0248876147911,30.74225174956955 104.0247210542532,30.74213511709192
G  16  1  0  104.0238070449426,30.74298642430939 104.0239525617748,30.74320462170912 104.0250447612076,30.7423383573812 104.0248876147911,30.74225174956955
G  16  2  0  104.0239525617748,30.74320462170912 104.0240800187011,30.7433919291271 104.0251948751609,30.74239803271698 104.0250447612076,30.7423383573812
G  17  0  0  104.0247210542532,30.74213511709192 104.0248876147911,30.74225174956955 104.0255120023869,30.74126488703821 104.0254178716054,30.74130640750105
G  17  1  0  104.0248876147911,30.74225174956955 104.0250447612076,30.7423383573812 104.0256061516853,30.74122335830242 104.0255120023869,30.74126488703821
G  17  2  0  104.0250447612076,30.7423383573812 104.0251948751609,30.74239803271698 104.0257002764292,30.74118184029219 104.0256061516853,30.74122335830242
G  18  0  0  104.0254178716054,30.74130640750105 104.0255120023869,30.74126488703821 104.0244212903863,30.74089707315054 104.0243121606486,30.74103021976273
G  18  1  0  104.0255120023869,30.74126488703821 104.0256061516853,30.74122335830242 104.0245532601186,30.74076173861431 104.0244212903863,30.74089707315054
G  18  2  0  104.0256061516853,30.74122335830242 104.0257002764292,30.74118184029219 104.0247162396115,30.74061484517095 104.0245532601186,30.74076173861431
G  19  0  0  104.0243121606486,30.74103021976273 104.0244212903863,30.74089707315054 104.0234200152841,30.74116503923468 104.0232346854364,30.74136337423386
G  19  1  0  104.0244212903863,30.74089707315054 104.0245532601186,30.74076173861431 104.0235701938575,30.74099785075222 104.0234200152841,30.74116503923468
G  19  2  0  104.0245532601186,30.74076173861431 104.0247162396115,30.74061484517095 104.0236941698386,30.74084563172041 104.0235701938575,30.74099785075222
G  20  0  0  104.0232346854364,30.74136337423386 104.0234200152841,30.74116503923468 104.0228360162117,30.74064691206893 104.0226372765348,30.74070250057854
G  20  1  0  104.0234200152841,30.74116503923468 104.0235701938575,30.74099785075222 104.0230347602996,30.74059132195406 104.0228360162117,30.74064691206893
G  20  2  0  104.0235701938575,30.74099785075222 104.0236941698386,30.74084563172041 104.0232334947734,30.74053573415691 104.0230347602996,30.74059132195406
G  21  0  0  104.0226372765348,30.74070250057854 104.0228360162117,30.74064691206893 104.0229881075189,30.73997044504693 104.0227114596422,30.73993531573486
G  21  1  0  104.0228360162117,30.74064691206893 104.0230347602996,30.74059132195406 104.023259245107,30.73999546929723 104.0229881075189,30.73997044504693
G  21  2  0  104.0230347602996,30.74059132195406 104.0232334947734,30.74053573415691 104.0235570771449,30.74001677502276 104.023259245107,30.73999546929723
G  22  0  0  104.0227114596422,30.73993531573486 104.0229881075189,30.73997044504693 104.0235845806753,30.73960127759756 104.0234271436341,30.73957088617152
G  22  1  0  104.0229881075189,30.73997044504693 104.023259245107,30.73999546929723 104.0237595411272,30.73963153179255 104.0235845806753,30.73960127759756
G  22  2  0  104.023259245107,30.73999546929723 104.0235570771449,30.74001677502276 104.023958668035,30.73965705339947 104.0237595411272,30.73963153179255
G  23  0  0  104.0234271436341,30.73957088617152 104.0235845806753,30.73960127759756 104.0242908470985,30.73913100100343 104.0241559784609,30.73903696166898
G  23  1  0  104.0235845806753,30.73960127759756 104.0237595411272,30.73963153179255 104.0244257191078,30.73922504236918 104.0242908470985,30.73913100100343
G  23  2  0  104.0237595411272,30.73963153179255 104.023958668035,30.73965705339947 104.0245605850247,30.73931907916731 104.0244257191078,30.73922504236918
G  24  0  0  104.0241559784609,30.73903696166898 104.0242908470985,30.73913100100343 104.0246901816971,30.73822236449034 104.0245730686525,30.73810478797749
G  24  1  0  104.0242908470985,30.73913100100343 104.0244257191078,30.73922504236918 104.0248079500033,30.73833797040908 104.0246901816971,30.73822236449034
G  24  2  0  104.0244257191078,30.73922504236918 104.0245605850247,30.73931907916731 104.0249269483611,30.73845189239046 104.0248079500033,30.73833797040908
G  25  0  0  104.0245730686525,30.73810478797749 104.0246901816971,30.73822236449034 104.0252139350985,30.73716955836142 104.0251130818113,30.73706483527154
G  25  1  0  104.0246901816971,30.73822236449034 104.0248079500033,30.73833797040908 104.0253172108645,30.73726956673339 104.0252139350985,30.73716955836142
G  25  2  0  104.0248079500033,30.73833797040908 104.0249269483611,30.73845189239046 104.0254232879171,30.73736532087833 104.0253172108645,30.73726956673339
G  26  0  0  104.0251130818113,30.73706483527154 104.0252139350985,30.73716955836142 104.0261945743152,30.73601879614172 104.0261361114269,30.73595267859396
G  26  1  0  104.0252139350985,30.73716955836142 104.0253172108645,30.73726956673339 104.0262530421905,30.73608491921439 104.0261945743152,30.73601879614172
G  26  2  0  104.0253172108645,30.73726956673339 104.0254232879171,30.73736532087833 104.0263115007583,30.73615103164601 104.0262530421905,30.73608491921439
G  27  0  0  104.0261361114269,30.73595267859396 104.0261945743152,30.73601879614172 104.0286395314062,30.73493133686168 104.0286293468564,30.7348685440018
G  27  1  0  104.0261945743152,30.73601879614172 104.0262530421905,30.73608491921439 104.0286487954056,30.73499499494495 104.0286395314062,30.73493133686168
G  27  2  0  104.0262530421905,30.73608491921439 104.0263115007583,30.73615103164601 104.0286570557529,30.73505944817004 104.0286487954056,30.73499499494495
G  28  0  0  104.0286293468564,30.7348685440018 104.0286395314062,30.73493133686168 104.0314177985169,30.73348868092323 104.0313865651015,30.7333445377881
G  28  1  0  104.0286395314062,30.73493133686168 104.0286487954056,30.73499499494495 104.0314466449,30.73363484873482 104.0314177985169,30.73348868092323
G  28  2  0  104.0286487954056,30.73499499494495 104.0286570557529,30.73505944817004 104.0314733498961,30.73378340719825 104.0314466449,30.73363484873482
G  29  0  0  104.0313865651015,30.7333445377881 104.0314177985169,30.73348868092323 104.0331179941746,30.73276498550713 104.033074060287,30.73265770531115
G  29  1  0  104.0314177985169,30.73348868092323 104.0314466449,30.73363484873482 104.0331619291804,30.73287226818847 104.0331179941746,30.73276498550713
G  29  2  0  104.0314466449,30.73363484873482 104.0314733498961,30.73378340719825 104.0332058622038,30.73297954578407 104.0331619291804,30.73287226818847
G  30  0  0  104.033074060287,30.73265770531115 104.0331179941746,30.73276498550713 104.0336810344363,30.73237017182818 104.0335568194589,30.73225425835711
G  30  1  0  104.0331179941746,30.73276498550713 104.0331619291804,30.73287226818847 104.0337886146721,30.73248706107492 104.0336810344363,30.73237017182818
G  30  2  0  104.0331619291804,30.73287226818847 104.0332058622038,30.73297954578407 104.0338864741124,30.73260923807975 104.0337886146721,30.73248706107492
G  31  0  0  104.0335568194589,30.73225425835711 104.0336810344363,30.73237017182818 104.0339424627749,30.73205043076693 104.0337953816384,30.73193433117943
G  31  1  0  104.0336810344363,30.73237017182818 104.0337886146721,30.73248706107492 104.0340841506525,30.73215305867434 104.0339424627749,30.73205043076693
G  31  2  0  104.0337886146721,30.73248706107492 104.0338864741124,30.73260923807975 104.0342308840976,30.73224988828281 104.0340841506525,30.73215305867434
G  32  0  0  104.0337953816384,30.73193433117943 104.0339424627749,30.73205043076693 104.0341933354213,30.73156989460735 104.0340671914289,30.73150472655583
G  32  1  0  104.0339424627749,30.73205043076693 104.0340841506525,30.73215305867434 104.034319504519,30.73163507542001 104.0341933354213,30.73156989460735
G  32  2  0  104.0340841506525,30.73215305867434 104.0342308840976,30.73224988828281 104.0344456487258,30.73170024316516 104.034319504519,30.73163507542001
G  33  0  0  104.0340671914289,30.73150472655583 104.0341933354213,30.73156989460735 104.0341777136852,30.73072531683429 104.0340212253261,30.73069948156139
G  33  1  0  104.0341933354213,30.73156989460735 104.034319504519,30.73163507542001 104.0343373486328,30.7307571107658 104.0341777136852,30.73072531683429
G  33  2  0  104.034319504519,30.73163507542001 104.0344456487258,30.73170024316516 104.0345011548446,30.73079441875418 104.0343373486328,30.7307571107658
G  34  0  0  104.0340212253261,30.73069948156139 104.0341777136852,30.73072531683429 104.0337229789354,30.72975784493843 104.0335320076224,30.72975123766697
G  34  1  0  104.0341777136852,30.73072531683429 104.0343373486328,30.7307571107658 104.033909584047,30.72976209926994 104.0337229789354,30.72975784493843
G  34  2  0  104.0343373486328,30.7307571107658 104.0345011548446,30.73079441875418 104.0340961600319,30.72976310064377 104.033909584047,30.72976209926994
G  35  0  0  104.0335320076224,30.72975123766697 104.0337229789354,30.72975784493843 104.0332047803279,30.72872563644426 104.0330463247982,30.72870489087391
G  35  1  0  104.0337229789354,30.72975784493843 104.033909584047,30.72976209926994 104.0333632672685,30.72874638592527 104.0332047803279,30.72872563644426
G  35  2  0  104.033909584047,30.72976209926994 104.0340961600319,30.72976310064377 104.0335217228062,30.72876713109326 104.0333632672685,30.72874638592527
G  36  0  0  104.0330463247982,30.72870489087391 104.0332047803279,30.72872563644426 104.0337752580074,30.72766314540518 104.0335868341773,30.72758785264286
G  36  1  0  104.0332047803279,30.72872563644426 104.0333632672685,30.72874638592527 104.0339733260633,30.72774939523765 104.0337752580074,30.72766314540518
G  36  2  0  104.0333632672685,30.72874638592527 104.0335217228062,30.72876713109326 104.0341876715124,30.72785047078418 104.0339733260633,30.72774939523765
G  37  0  0  104.0335868341773,30.72758785264286 104.0337752580074,30.72766314540518 104.0346746473771,30.72668208497503 104.0345717795277,30.72655804872681
G  37  1  0  104.0337752580074,30.72766314540518 104.0339733260633,30.72774939523765 104.0347864602768,30.72681311837927 104.0346746473771,30.72668208497503
G  37  2  0  104.0339733260633,30.72774939523765 104.0341876715124,30.72785047078418 104.0349082665351,30.72695143565819 104.0347864602768,30.72681311837927
G  38  0  0  104.0345717795277,30.72655804872681 104.0346746473771,30.72668208497503 104.0356153317547,30.72583478408421 104.0355287878365,30.7256431054878
G  38  1  0  104.0346746473771,30.72668208497503 104.0347864602768,30.72681311837927 104.0357018832675,30.72602647870649 104.0356153317547,30.72583478408421
G  38  2  0  104.0347864602768,30.72681311837927 104.0349082665351,30.72695143565819 104.035788421218,30.72621814249663 104.0357018832675,30.72602647870649
G  39  0  0  104.0355287878365,30.7256431054878 104.0356153317547,30.72583478408421 104.0366948829033,30.72548984368336 104.0366379346923,30.7252693404985
G  39  1  0  104.0356153317547,30.72583478408421 104.0357018832675,30.72602647870649 104.0367493950899,30.72570000335562 104.0366948829033,30.72548984368336
G  39  2  0  104.0357018832675,30.72602647870649 104.035788421218,30.72621814249663 104.0368015911869,30.72590146197664 104.0367493950899,30.72570000335562
G  40  0  0  104.0366379346923,30.7252693404985 104.0366948829033,30.72548984368336 104.0377395937777,30.72580961690247 104.0377288916182,30.72561059708509
G  40  1  0  104.0366948829033,30.72548984368336 104.0367493950899,30.72570000335562 104.0377560410828,30.72601416262546 104.0377395937777,30.72580961690247
G  40  2  0  104.0367493950899,30.72570000335562 104.0368015911869,30.72590146197664 104.0377784341311,30.72622817734791 104.0377560410828,30.72601416262546
G  41  0  0  104.0377288916182,30.72561059708509 104.0377395937777,30.72580961690247 104.0390172156472,30.72584521955481 104.0389947636913,30.72567098675425
G  41  1  0  104.0377395937777,30.72580961690247 104.0377560410828,30.72601416262546 104.0390396721245,30.72601948687687 104.0390172156472,30.72584521955481
G  41  2  0  104.0377560410828,30.72601416262546 104.0377784341311,30.72622817734791 104.0390621242045,30.72619371950852 104.0390396721245,30.72601948687687
G  42  0  0  104.0389947636913,30.72567098675425 104.0390172156472,30.72584521955481 104.0406626830131,30.72473383909827 104.0406659174952,30.72455848940506
G  42  1  0  104.0390172156472,30.72584521955481 104.0390396721245,30.72601948687687 104.0406591103372,30.7249027265388 104.0406626830131,30.72473383909827
G  42  2  0  104.0390396721245,30.72601948687687 104.0390621242045,30.72619371950852 104.0406551443642,30.72506455300544 104.0406591103372,30.7249027265388
G  43  0  0  104.0406659174952,30.72455848940506 104.0406626830131,30.72473383909827 104.0429802492191,30.72421096972788 104.0429708776805,30.72405766874471
G  43  1  0  104.0406626830131,30.72473383909827 104.0406591103372,30.7249027265388 104.0429831291699,30.72436200262428 104.0429802492191,30.72421096972788
G  43  2  0  104.0406591103372,30.7249027265388 104.0406551443642,30.72506455300544 104.0429795993371,30.72450930190764 104.0429831291699,30.72436200262428
G  44  0  0  104.0429708776805,30.72405766874471 104.0429802492191,30.72421096972788 104.0446646994268,30.7241754884197 104.0445934727389,30.72394477478606
G  44  1  0  104.0429802492191,30.72421096972788 104.0429831291699,30.72436200262428 104.0447359378584,30.72440623899971 104.0446646994268,30.7241754884197
G  44  2  0  104.0429831291699,30.72436200262428 104.0429795993371,30.72450930190764 104.044807162442,30.72463694363158 104.0447359378584,30.72440623899971
G  45  0  0  104.0445934727389,30.72394477478606 104.0446646994268,30.7241754884197 104.0453289742503,30.72387718953885 104.0452692213903,30.7236999135157
G  45  1  0  104.0446646994268,30.7241754884197 104.0447359378584,30.72440623899971 104.0454091346866,30.72404512968516 104.0453289742503,30.72387718953885
G  45  2  0  104.0447359378584,30.72440623899971 104.044807162442,30.72463694363158 104.0455057783396,30.72419945253219 104.0454091346866,30.72404512968516
G  46  0  0  104.0452692213903,30.7236999135157 104.0453289742503,30.72387718953885 104.0457939640424,30.72356121337195 104.045697700755,30.72342199954637
G  46  1  0  104.0453289742503,30.72387718953885 104.0454091346866,30.72404512968516 104.0459012409084,30.72369084763143 104.0457939640424,30.72356121337195
G  46  2  0  104.0454091346866,30.72404512968516 104.0455057783396,30.72419945253219 104.0460195147065,30.72381033211419 104.0459012409084,30.72369084763143
G  47  0  0  104.045697700755,30.72342199954637 104.0457939640424,30.72356121337195 104.0461663515745,30.72305166240949 104.046074750496,30.72296611943555
G  47  1  0  104.0457939640424,30.72356121337195 104.0459012409084,30.72369084763143 104.0462579549457,30.72313720731132 104.0461663515745,30.72305166240949
G  47  2  0  104.0459012409084,30.72369084763143 104.0460195147065,30.72381033211419 104.0463495541417,30.72322274810097 104.0462579549457,30.72313720731132
G  48  0  0  104.046074750496,30.72296611943555 104.0461663515745,30.72305166240949 104.0466050137235,30.72222147168987 104.0465287452396,30.72214674390791
G  48  1  0  104.0461663515745,30.72305166240949 104.0462579549457,30.72313720731132 104.046679224215,30.72230131894697 104.0466050137235,30.72222147168987
G  48  2  0  104.0462579549457,30.72313720731132 104.0463495541417,30.72322274810097 104.046749456522,30.72238580918863 104.046679224215,30.72230131894697
G  49  0  0  104.0465287452396,30.72214674390791 104.0466050137235,30.72222147168987 104.0468762440268,30.7212137706566 104.0466971822666,30.72111270511324
G  49  1  0  104.0466050137235,30.72222147168987 104.046679224215,30.72230131894697 104.0470471326754,30.72132818923356 104.0468762440268,30.7212137706566
G  49  2  0  104.046679224215,30.72230131894697 104.046749456522,30.72238580918863 104.0472101034355,30.72145555336211 104.0470471326754,30.72132818923356
G  50  0  1  104.0466971822666,30.72111270511324 104.0468762440268,30.7212137706566 104.0470996456029,30.72042195936692 104.0469031377937,30.72033235933826
G  50  1  1  104.0468762440268,30.7212137706566 104.0470471326754,30.72132818923356 104.047296155524,30.72051155989887 104.0470996456029,30.72042195936692
G  50  2  1  104.0470471326754,30.72132818923356 104.0472101034355,30.72145555336211 104.0474926611379,30.72060115800733 104.047296155524,30.72051155989887
