J  0  0  0  104.0806496400681,30.64496664133059 104.0810086937919,30.64503463772299 104.082611972475,30.6443210672977 104.0822998710026,30.64422278799429
J  0  1  0  104.0810086937919,30.64503463772299 104.0813677563926,30.64510263471405 104.0829240891515,30.64442927982738 104.082611972475,30.6443210672977
J  0  2  0  104.0813677563926,30.64510263471405 104.0817268025126,30.64517062750176 104.0832375205506,30.64454888385053 104.0829240891515,30.64442927982738
J  1  0  0  104.0822998710026,30.64422278799429 104.082611972475,30.6443210672977 104.0839340252274,30.64393655454379 104.0836752730813,30.64376346682765
J  1  1  0  104.082611972475,30.6443210672977 104.0829240891515,30.64442927982738 104.0842136566388,30.64411969799707 104.0839340252274,30.64393655454379
J  1  2  0  104.0829240891515,30.64442927982738 104.0832375205506,30.64454888385053 104.084521420679,30.64432378448917 104.0842136566388,30.64411969799707
J  2  0  0  104.0836752730813,30.64376346682765 104.0839340252274,30.64393655454379 104.0856447576262,30.64319336366871 104.0854475556464,30.64304041316563
J  2  1  0  104.0839340252274,30.64393655454379 104.0842136566388,30.64411969799707 104.0858419992207,30.64334634412397 104.0856447576262,30.64319336366871
J  2  2  0  104.0842136566388,30.64411969799707 104.084521420679,30.64432378448917 104.0860392022618,30.64349929390423 104.0858419992207,30.64334634412397
J  3  0  0  104.0854475556464,30.64304041316563 104.0856447576262,30.64319336366871 104.0883018304735,30.64027506855398 104.0881189214989,30.64007401801896
J  3  1  0  104.0856447576262,30.64319336366871 104.0858419992207,30.64334634412397 104.0884833364838,30.64047570101973 104.0883018304735,30.64027506855398
J  3  2  0  104.0858419992207,30.64334634412397 104.0860392022618,30.64349929390423 104.0886637432073,30.64067603261312 104.0884833364838,30.64047570101973
J  4  0  0  104.0881189214989,30.64007401801896 104.0883018304735,30.64027506855398 104.0902515777134,30.63564640228273 104.090048964775,30.63548721276368
J  4  1  0  104.0883018304735,30.64027506855398 104.0884833364838,30.64047570101973 104.0904516770484,30.63580296492486 104.0902515777134,30.63564640228273
J  4  2  0  104.0884833364838,30.64047570101973 104.0886637432073,30.64067603261312 104.0906494261456,30.63595702671176 104.0904516770484,30.63580296492486
J  5  0  0  104.090048964775,30.63548721276368 104.0902515777134,30.63564640228273 104.0916222223219,30.63269129893564 104.0914101117807,30.63265505836652
J  5  1  0  104.0902515777134,30.63564640228273 104.0904516770484,30.63580296492486 104.0918343379259,30.63272753999813 104.0916222223219,30.63269129893564
J  5  2  0  104.0904516770484,30.63580296492486 104.0906494261456,30.63595702671176 104.0920464437048,30.63276377901034 104.0918343379259,30.63272753999813
J  6  0  0  104.0914101117807,30.63265505836652 104.0916222223219,30.63269129893564 104.0914928860358,30.63150576727854 104.0913005784638,30.63154976655031
J  6  1  0  104.0916222223219,30.63269129893564 104.0918343379259,30.63272753999813 104.0916720737949,30.63146978690346 104.0914928860358,30.63150576727854
J  6  2  0  104.0918343379259,30.63272753999813 104.0920464437048,30.63276377901034 104.0918379636774,30.63144074528899 104.0916720737949,30.63146978690346
J  7  0  0  104.0913005784638,30.63154976655031 104.0914928860358,30.63150576727854 104.0912440674551,30.63072895833985 104.0910103359458,30.63085876849097
J  7  1  0  104.0914928860358,30.63150576727854 104.0916720737949,30.63146978690346 104.091459047223,30.63061416105788 104.0912440674551,30.63072895833985
J  7  2  0  104.0916720737949,30.63146978690346 104.0918379636774,30.63144074528899 104.0916620821672,30.63051080383214 104.091459047223,30.63061416105788
J  8  0  0  104.0910103359458,30.63085876849097 104.0912440674551,30.63072895833985 104.0906162877559,30.62979958853899 104.090455634772,30.62995731119713
J  8  1  0  104.0912440674551,30.63072895833985 104.091459047223,30.63061416105788 104.0907769720441,30.62964183442141 104.0906162877559,30.62979958853899
J  8  2  0  104.091459047223,30.63061416105788 104.0916620821672,30.63051080383214 104.090937613955,30.62948412118241 104.0907769720441,30.62964183442141
J  9  0  0  104.090455634772,30.62995731119713 104.0906162877559,30.62979958853899 104.0880470478062,30.6292051110692 104.087946457493,30.62937989612269
J  9  1  0  104.0906162877559,30.62979958853899 104.0907769720441,30.62964183442141 104.0881474295368,30.62903064934454 104.0880470478062,30.6292051110692
J  9  2  0  104.0907769720441,30.62964183442141 104.090937613955,30.62948412118241 104.0882476409852,30.62885644736043 104.0881474295368,30.62903064934454
J  10  0  0  104.087946457493,30.62937989612269 104.0880470478062,30.6292051110692 104.0842727267116,30.62885387177994 104.0841320451002,30.6290176232543
J  10  1  0  104.0880470478062,30.6292051110692 104.0881474295368,30.62903064934454 104.0844089681433,30.6286944067592 104.0842727267116,30.62885387177994
J  10  2  0  104.0881474295368,30.62903064934454 104.0882476409852,30.62885644736043 104.0845407016024,30.62853923193991 104.0844089681433,30.6286944067592
J  11  0  0  104.0841320451002,30.6290176232543 104.0842727267116,30.62885387177994 104.0821159369731,30.62659927305506 104.0819415547228,30.62670707251882
J  11  1  0  104.0842727267116,30.62885387177994 104.0844089681433,30.6286944067592 104.0822903640565,30.62649144539565 104.0821159369731,30.62659927305506
J  11  2  0  104.0844089681433,30.6286944067592 104.0845407016024,30.62853923193991 104.0824647452632,30.62638364561583 104.0822903640565,30.62649144539565
J  12  0  0  104.0819415547228,30.62670707251882 104.0821159369731,30.62659927305506 104.0819114784303,30.62451768769251 104.0817067883516,30.6245697623227
J  12  1  0  104.0821159369731,30.62659927305506 104.0822903640565,30.62649144539565 104.0821197320041,30.62446641447862 104.0819114784303,30.62451768769251
J  12  2  0  104.0822903640565,30.62649144539565 104.0824647452632,30.62638364561583 104.0823318522266,30.62441581645872 104.0821197320041,30.62446641447862
J  13  0  0  104.0817067883516,30.6245697623227 104.0819114784303,30.62451768769251 104.0825103143587,30.62277961447528 104.0822926937813,30.62276880587155
J  13  1  0  104.0819114784303,30.62451768769251 104.0821197320041,30.62446641447862 104.0827316424129,30.622790718103 104.0825103143587,30.62277961447528
J  13  2  0  104.0821197320041,30.62446641447862 104.0823318522266,30.62441581645872 104.0829577747518,30.62280212568825 104.0827316424129,30.622790718103
J  14  0  0  104.0822926937813,30.62276880587155 104.0825103143587,30.62277961447528 104.0832447849613,30.62141945993301 104.0830382077582,30.62138377985035
J  14  1  0  104.0825103143587,30.62277961447528 104.0827316424129,30.622790718103 104.0834513641246,30.62145514000127 104.0832447849613,30.62141945993301
J  14  2  0  104.0827316424129,30.622790718103 104.0829577747518,30.62280212568825 104.0836579385629,30.62149081890053 104.0834513641246,30.62145514000127
J  15  0  0  104.0830382077582,30.62138377985035 104.0832447849613,30.62141945993301 104.0828132578039,30.62039116733019 104.0825738213548,30.62037918594044
J  15  1  0  104.0832447849613,30.62141945993301 104.0834513641246,30.62145514000127 104.0830511934197,30.62040058518495 104.0828132578039,30.62039116733019
J  15  2  0  104.0834513641246,30.62145514000127 104.0836579385629,30.62149081890053 104.0832924530736,30.62040530851606 104.0830511934197,30.62040058518495
J  16  0  0  104.0825738213548,30.62037918594044 104.0828132578039,30.62039116733019 104.0821969414707,30.61960179717356 104.0819996207932,30.61956443448123
J  16  1  0  104.0828132578039,30.62039116733019 104.0830511934197,30.62040058518495 104.0823873470314,30.61963525668403 104.0821969414707,30.61960179717356
J  16  2  0  104.0830511934197,30.62040058518495 104.0832924530736,30.62040530851606 104.0825701390512,30.61966534619852 104.0823873470314,30.61963525668403
J  17  0  0  104.0819996207932,30.61956443448123 104.0821969414707,30.61960179717356 104.0818925459155,30.61863130496468 104.0816936710767,30.61860429296343
J  17  1  0  104.0821969414707,30.61960179717356 104.0823873470314,30.61963525668403 104.0820914254724,30.61865831728863 104.0818925459155,30.61863130496468
J  17  2  0  104.0823873470314,30.61963525668403 104.0825701390512,30.61966534619852 104.0822902957839,30.61868532803877 104.0820914254724,30.61865831728863
J  18  0  0  104.0816936710767,30.61860429296343 104.0818925459155,30.61863130496468 104.0822798730557,30.61740078263982 104.0819949181033,30.61733861660613
J  18  1  0  104.0818925459155,30.61863130496468 104.0820914254724,30.61865831728863 104.082553192315,30.61746530500911 104.0822798730557,30.61740078263982
J  18  2  0  104.0820914254724,30.61865831728863 104.0822902957839,30.61868532803877 104.0828200096247,30.61753341887587 104.082553192315,30.61746530500911
J  19  0  0  104.0819949181033,30.61733861660613 104.0822798730557,30.61740078263982 104.0832747303934,30.61634459990633 104.083039158209,30.61627700823259
J  19  1  0  104.0822798730557,30.61740078263982 104.082553192315,30.61746530500911 104.0835104826849,30.61641458850374 104.0832747303934,30.61634459990633
J  19  2  0  104.082553192315,30.61746530500911 104.0828200096247,30.61753341887587 104.0837456443158,30.61648572489748 104.0835104826849,30.61641458850374
J  20  0  0  104.083039158209,30.61627700823259 104.0832747303934,30.61634459990633 104.0839899894651,30.61542730790297 104.0837161228515,30.61533528720473
J  20  1  0  104.0832747303934,30.61634459990633 104.0835104826849,30.61641458850374 104.0842638566061,30.61551932803238 104.0839899894651,30.61542730790297
J  20  2  0  104.0835104826849,30.61641458850374 104.0837456443158,30.61648572489748 104.0845377177935,30.61561134541539 104.0842638566061,30.61551932803238
J  21  0  0  104.0837161228515,30.61533528720473 104.0839899894651,30.61542730790297 104.0840521416004,30.61463248336969 104.083763629014,30.61455597125335
J  21  1  0  104.0839899894651,30.61542730790297 104.0842638566061,30.61551932803238 104.0843327481914,30.61470928856349 104.0840521416004,30.61463248336969
J  21  2  0  104.0842638566061,30.61551932803238 104.0845377177935,30.61561134541539 104.0846029745812,30.61478634182571 104.0843327481914,30.61470928856349
J  22  0  0  104.083763629014,30.61455597125335 104.0840521416004,30.61463248336969 104.0840567377299,30.61396254516837 104.0837573035703,30.61391499836162
J  22  1  0  104.0840521416004,30.61463248336969 104.0843327481914,30.61470928856349 104.0843469134961,30.61401589461155 104.0840567377299,30.61396254516837
J  22  2  0  104.0843327481914,30.61470928856349 104.0846029745812,30.61478634182571 104.0846241129222,30.61407466192412 104.0843469134961,30.61401589461155
J  23  0  0  104.0837573035703,30.61391499836162 104.0840567377299,30.61396254516837 104.084067282135,30.6132810373635 104.083753175261,30.61323904647189
J  23  1  0  104.0840567377299,30.61396254516837 104.0843469134961,30.61401589461155 104.0843813920882,30.61332302787443 104.084067282135,30.6132810373635
J  23  2  0  104.0843469134961,30.61401589461155 104.0846241129222,30.61407466192412 104.084695494863,30.61336501663348 104.0843813920882,30.61332302787443
J  24  0  0  104.083753175261,30.61323904647189 104.084067282135,30.6132810373635 104.0843633636055,30.61266103257044 104.0840350581826,30.61262301203325
J  24  1  0  104.084067282135,30.6132810373635 104.0843813920882,30.61332302787443 104.0846850966213,30.61270212507609 104.0843633636055,30.61266103257044
J  24  2  0  104.0843813920882,30.61332302787443 104.084695494863,30.61336501663348 104.0849986171419,30.61274521313606 104.0846850966213,30.61270212507609
J  25  0  0  104.0840350581826,30.61262301203325 104.0843633636055,30.61266103257044 104.0848060536049,30.6120514588779 104.0844781023561,30.61198609397417
J  25  1  0  104.0843633636055,30.61266103257044 104.0846850966213,30.61270212507609 104.0851320319724,30.61212146497867 104.0848060536049,30.6120514588779
J  25  2  0  104.0846850966213,30.61270212507609 104.0849986171419,30.61274521313606 104.0854579510506,30.61219735329873 104.0851320319724,30.61212146497867
J  26  0  0  104.0844781023561,30.61198609397417 104.0848060536049,30.6120514588779 104.0853542793497,30.61129389438519 104.0850280209957,30.61121219983446
J  26  1  0  104.0848060536049,30.6120514588779 104.0851320319724,30.61212146497867 104.0856805411644,30.61137558885192 104.0853542793497,30.61129389438519
J  26  2  0  104.0851320319724,30.61212146497867 104.0854579510506,30.61219735329873 104.0860067957825,30.61145728056608 104.0856805411644,30.61137558885192
J  27  0  1  104.0850280209957,30.61121219983446 104.0853542793497,30.61129389438519 104.0854779014314,30.61000762310544 104.0851595377075,30.60998611652987
J  27  1  1  104.0853542793497,30.61129389438519 104.0856805411644,30.61137558885192 104.0857800321198,30.61003435560815 104.0854779014314,30.61000762310544
J  27  2  1  104.0856805411644,30.61137558885192 104.0860067957825,30.61145728056608 104.0860656611629,30.61006550444732 104.0857800321198,30.61003435560815
