F  0  0  0  103.9632762856541,30.83996985769164 103.963499442552,30.8399343891502 103.9643760104728,30.83858762099985 103.9641018939927,30.83856795125001
F  0  1  0  103.963499442552,30.8399343891502 103.9637226044839,30.83989891939589 103.9646588735243,30.83860352558985 103.9643760104728,30.83858762099985
F  0  2  0  103.9637226044839,30.83989891939589 103.963945755688,30.8398634509339 103.9649550785078,30.83861742572617 103.9646588735243,30.83860352558985
F  1  0  0  103.9641018939927,30.83856795125001 103.9643760104728,30.83858762099985 103.965768157757,30.83659377616017 103.9656587462363,30.83653653940348
F  1  1  0  103.9643760104728,30.83858762099985 103.9646588735243,30.83860352558985 103.9658850817602,30.83664657302109 103.965768157757,30.83659377616017
F  1  2  0  103.9646588735243,30.83860352558985 103.9649550785078,30.83861742572617 103.9660098958542,30.83669454298312 103.9658850817602,30.83664657302109
F  2  0  0  103.9656587462363,30.83653653940348 103.965768157757,30.83659377616017 103.9676610782034,30.83503464131827 103.9675860967748,30.83498627124306
F  2  1  0  103.965768157757,30.83659377616017 103.9658850817602,30.83664657302109 103.9677360791551,30.83508302389664 103.9676610782034,30.83503464131827
F  2  2  0  103.9658850817602,30.83664657302109 103.9660098958542,30.83669454298312 103.9678110606342,30.83513139382248 103.9677360791551,30.83508302389664
F  3  0  0  103.9675860967748,30.83498627124306 103.9676610782034,30.83503464131827 103.968448451285,30.83319733457291 103.9684145522698,30.83316407463412
F  3  1  0  103.9676610782034,30.83503464131827 103.9677360791551,30.83508302389664 103.9684822685939,30.83323035314496 103.968448451285,30.83319733457291
F  3  2  0  103.9677360791551,30.83508302389664 103.9678110606342,30.83513139382248 103.9685158935587,30.83326311293443 103.9684822685939,30.83323035314496
F  4  0  0  103.9684145522698,30.83316407463412 103.968448451285,30.83319733457291 103.9687555313793,30.83152251735546 103.9686854052359,30.83149409960167
F  4  1  0  103.968448451285,30.83319733457291 103.9684822685939,30.83323035314496 103.9688257363328,30.83155361526062 103.9687555313793,30.83152251735546
F  4  2  0  103.9684822685939,30.83323035314496 103.9685158935587,30.83326311293443 103.9688956735392,30.83158732362138 103.9688257363328,30.83155361526062
F  5  0  0  103.9686854052359,30.83149409960167 103.9687555313793,30.83152251735546 103.9684701908177,30.83054148900247 103.9683542105557,30.83054409014774
F  5  1  0  103.9687555313793,30.83152251735546 103.9688257363328,30.83155361526062 103.9685861737807,30.83053888769255 103.9684701908177,30.83054148900247
F  5  2  0  103.9688257363328,30.83155361526062 103.9688956735392,30.83158732362138 103.9687021539763,30.83053628634062 103.9685861737807,30.83053888769255
F  6  0  0  103.9683542105557,30.83054409014774 103.9684701908177,30.83054148900247 103.9685555530171,30.83018500117783 103.9685140731177,30.83014353131331
F  6  1  0  103.9684701908177,30.83054148900247 103.9685861737807,30.83053888769255 103.9686001078589,30.83022282820819 103.9685555530171,30.83018500117783
F  6  2  0  103.9685861737807,30.83053888769255 103.9687021539763,30.83053628634062 103.9686443587677,30.83025582614736 103.9686001078589,30.83022282820819
F  7  0  0  103.9685140731177,30.83014353131331 103.9685555530171,30.83018500117783 103.9686873623532,30.82989831838578 103.9686217320493,30.82987246176986
F  7  1  0  103.9685555530171,30.83018500117783 103.9686001078589,30.83022282820819 103.9687535619206,30.82992974258921 103.9686873623532,30.82989831838578
F  7  2  0  103.9686001078589,30.83022282820819 103.9686443587677,30.83025582614736 103.9688175889364,30.8299658459845 103.9687535619206,30.82992974258921
F  8  0  0  103.9686217320493,30.82987246176986 103.9686873623532,30.82989831838578 103.968866888819,30.82949623880547 103.9687712752728,30.82946789072924
F  8  1  0  103.9686873623532,30.82989831838578 103.9687535619206,30.82992974258921 103.9689625366906,30.829524596972 103.968866888819,30.82949623880547
F  8  2  0  103.9687535619206,30.82992974258921 103.9688175889364,30.8299658459845 103.9690581501586,30.82955294485171 103.9689625366906,30.829524596972
F  9  0  0  103.9687712752728,30.82946789072924 103.968866888819,30.82949623880547 103.9693982792627,30.82861587992123 103.9693000744413,30.82858926076289
F  9  1  0  103.968866888819,30.82949623880547 103.9689625366906,30.829524596972 103.9694980047797,30.82864273153729 103.9693982792627,30.82861587992123
F  9  2  0  103.9689625366906,30.829524596972 103.9690581501586,30.82955294485171 103.9695993007957,30.82866984578083 103.9694980047797,30.82864273153729
F  10  0  0  103.9693000744413,30.82858926076289 103.9693982792627,30.82861587992123 103.9705694235355,30.82749819137695 103.9704976500807,30.82745169236328
F  10  1  0  103.9693982792627,30.82861587992123 103.9694980047797,30.82864273153729 103.9706436643635,30.82754558091476 103.9705694235355,30.82749819137695
F  10  2  0  103.9694980047797,30.82864273153729 103.9695993007957,30.82866984578083 103.9707203501881,30.82759384031964 103.9706436643635,30.82754558091476
F  11  0  0  103.9704976500807,30.82745169236328 103.9705694235355,30.82749819137695 103.9709662221408,30.82603619658765 103.9708881027902,30.82598300498057
F  11  1  0  103.9705694235355,30.82749819137695 103.9706436643635,30.82754558091476 103.9710443617724,30.82608940189939 103.9709662221408,30.82603619658765
F  11  2  0  103.9706436643635,30.82754558091476 103.9707203501881,30.82759384031964 103.9711224811673,30.82614259332728 103.9710443617724,30.82608940189939
F  12  0  0  103.9708881027902,30.82598300498057 103.9709662221408,30.82603619658765 103.9718068002743,30.82526724518628 103.9717181927616,30.8252139140136
F  12  1  0  103.9709662221408,30.82603619658765 103.9710443617724,30.82608940189939 103.9718944931182,30.82532087758301 103.9718068002743,30.82526724518628
F  12  2  0  103.9710443617724,30.82608940189939 103.9711224811673,30.82614259332728 103.9719814061175,30.82537486172077 103.9718944931182,30.82532087758301
F  13  0  0  103.9717181927616,30.8252139140136 103.9718068002743,30.82526724518628 103.972855414948,30.82483912517068 103.9727308112486,30.82480150076489
F  13  1  0  103.9718068002743,30.82526724518628 103.9718944931182,30.82532087758301 103.9729818352776,30.82487742945332 103.972855414948,30.82483912517068
F  13  2  0  103.9718944931182,30.82532087758301 103.9719814061175,30.82537486172077 103.9731103082651,30.82491668846961 103.9729818352776,30.82487742945332
F  14  0  0  103.9727308112486,30.82480150076489 103.972855414948,30.82483912517068 103.9739047292852,30.82417726316381 103.9738548027232,30.82411613273601
F  14  1  0  103.972855414948,30.82483912517068 103.9729818352776,30.82487742945332 103.9739546688265,30.82423840938826 103.9739047292852,30.82417726316381
F  14  2  0  103.9729818352776,30.82487742945332 103.9731103082651,30.82491668846961 103.9740045954453,30.82429953969524 103.9739546688265,30.82423840938826
F  15  0  0  103.9738548027232,30.82411613273601 103.9739047292852,30.82417726316381 103.9747231163375,30.82183158424104 103.9746732512907,30.821868125535
F  15  1  0  103.9739047292852,30.82417726316381 103.9739546688265,30.82423840938826 103.9747722366826,30.82179426194661 103.9747231163375,30.82183158424104
F  15  2  0  103.9739546688265,30.82423840938826 103.9740045954453,30.82429953969524 103.974820528025,30.82175618106467 103.9747722366826,30.82179426194661
F  16  0  0  103.9746732512907,30.821868125535 103.9747231163375,30.82183158424104 103.9745225954875,30.81920309698258 103.9744752563357,30.81922810973524
F  16  1  0  103.9747231163375,30.82183158424104 103.9747722366826,30.82179426194661 103.9745694579713,30.81917784203533 103.9745225954875,30.81920309698258
F  16  2  0  103.9747722366826,30.82179426194661 103.974820528025,30.82175618106467 103.9746158541966,30.81915236884706 103.9745694579713,30.81917784203533
F  17  0  0  103.9744752563357,30.81922810973524 103.9745225954875,30.81920309698258 103.9739227946514,30.81799120815637 103.9738716680273,30.8180096161603
F  17  1  0  103.9745225954875,30.81920309698258 103.9745694579713,30.81917784203533 103.9739739313881,30.81797279648391 103.9739227946514,30.81799120815637
F  17  2  0  103.9745694579713,30.81917784203533 103.9746158541966,30.81915236884706 103.9740250579275,30.8179543884555 103.9739739313881,30.81797279648391
F  18  0  0  103.9738716680273,30.8180096161603 103.9739227946514,30.81799120815637 103.973887143765,30.81767861015127 103.9737964452637,30.81768933009716
F  18  1  0  103.9739227946514,30.81799120815637 103.9739739313881,30.81797279648391 103.9739779343301,30.81767446624764 103.973887143765,30.81767861015127
F  18  2  0  103.9739739313881,30.81797279648391 103.9740250579275,30.8179543884555 103.9740752382134,30.81767706326949 103.9739779343301,30.81767446624764
F  19  0  0  103.9737964452637,30.81768933009716 103.973887143765,30.81767861015127 103.9739647481592,30.81751288579773 103.9738856360425,30.81750889118162
F  19  1  0  103.973887143765,30.81767861015127 103.9739779343301,30.81767446624764 103.9740483163261,30.81751692609312 103.9739647481592,30.81751288579773
F  19  2  0  103.9739779343301,30.81767446624764 103.9740752382134,30.81767706326949 103.9741397384471,30.81752061130278 103.9740483163261,30.81751692609312
F  20  0  0  103.9738856360425,30.81750889118162 103.9739647481592,30.81751288579773 103.9740568355959,30.81723578844581 103.9739720192041,30.8172167845572
F  20  1  0  103.9739647481592,30.81751288579773 103.9740483163261,30.81751692609312 103.9741416740066,30.81725479720526 103.9740568355959,30.81723578844581
F  20  2  0  103.9740483163261,30.81751692609312 103.9741397384471,30.81752061130278 103.9742264818888,30.8172737990619 103.9741416740066,30.81725479720526
F  21  0  0  103.9739720192041,30.8172167845572 103.9740568355959,30.81723578844581 103.9746041732324,30.81675564328318 103.9745322922363,30.81671810161283
F  21  1  0  103.9740568355959,30.81723578844581 103.9741416740066,30.81725479720526 103.9746770219553,30.81679376160601 103.9746041732324,30.81675564328318
F  21  2  0  103.9741416740066,30.81725479720526 103.9742264818888,30.8172737990619 103.9747508104052,30.81683243115402 103.9746770219553,30.81679376160601
F  22  0  0  103.9745322922363,30.81671810161283 103.9746041732324,30.81675564328318 103.9755746474798,30.81601018486227 103.975514076799,30.8159666976734
F  22  1  0  103.9746041732324,30.81675564328318 103.9746770219553,30.81679376160601 103.9756354656535,30.81605469611183 103.9755746474798,30.81601018486227
F  22  2  0  103.9746770219553,30.81679376160601 103.9747508104052,30.81683243115402 103.9756964519971,30.81610007964425 103.9756354656535,30.81605469611183
F  23  0  0  103.975514076799,30.8159666976734 103.9755746474798,30.81601018486227 103.9769348611983,30.81533986279408 103.9768663144064,30.81527326181017
F  23  1  0  103.9755746474798,30.81601018486227 103.9756354656535,30.81605469611183 103.9770034216673,30.81540647694035 103.9769348611983,30.81533986279408
F  23  2  0  103.9756354656535,30.81605469611183 103.9756964519971,30.81610007964425 103.9770719685816,30.8154730777902 103.9770034216673,30.81540647694035
F  24  0  0  103.9768663144064,30.81527326181017 103.9769348611983,30.81533986279408 103.9771495413344,30.81377347940017 103.9770576999512,30.8137270381185
F  24  1  0  103.9769348611983,30.81533986279408 103.9770034216673,30.81540647694035 103.977239605308,30.81381846407614 103.9771495413344,30.81377347940017
F  24  2  0  103.9770034216673,30.81540647694035 103.9770719685816,30.8154730777902 103.9773281166906,30.813862056526 103.977239605308,30.81381846407614
F  25  0  0  103.9770576999512,30.8137270381185 103.9771495413344,30.81377347940017 103.9770911708884,30.8119235563856 103.9770205566502,30.81192507701553
F  25  1  0  103.9771495413344,30.81377347940017 103.977239605308,30.81381846407614 103.9771606064711,30.81192076413296 103.9770911708884,30.8119235563856
F  25  2  0  103.977239605308,30.81381846407614 103.9773281166906,30.813862056526 103.9772288982981,30.81191676857464 103.9771606064711,30.81192076413296
F  26  0  0  103.9770205566502,30.81192507701553 103.9770911708884,30.8119235563856 103.9760075617243,30.8105726646359 103.975955223941,30.81058957262372
F  26  1  0  103.9770911708884,30.8119235563856 103.9771606064711,30.81192076413296 103.9760599182443,30.81055575056772 103.9760075617243,30.8105726646359
F  26  2  0  103.9771606064711,30.81192076413296 103.9772288982981,30.81191676857464 103.9761122558744,30.81053884257467 103.9760599182443,30.81055575056772
F  27  0  0  103.975955223941,30.81058957262372 103.9760075617243,30.8105726646359 103.9753778213005,30.80938847407059 103.9752810206344,30.80942437829611
F  27  1  0  103.9760075617243,30.8105726646359 103.9760599182443,30.81055575056772 103.9754799502956,30.80935493673669 103.9753778213005,30.80938847407059
F  27  2  0  103.9760599182443,30.81055575056772 103.9761122558744,30.81053884257467 103.9755880743562,30.80932362105319 103.9754799502956,30.80935493673669
F  28  0  0  103.9752810206344,30.80942437829611 103.9753778213005,30.80938847407059 103.9744084971182,30.80858320178766 103.9742857527787,30.80861880818242
F  28  1  0  103.9753778213005,30.80938847407059 103.9754799502956,30.80935493673669 103.9745317349356,30.80854680469339 103.9744084971182,30.80858320178766
F  28  2  0  103.9754799502956,30.80935493673669 103.9755880743562,30.80932362105319 103.9746565214996,30.80850902735102 103.9745317349356,30.80854680469339
F  29  0  0  103.9742857527787,30.80861880818242 103.9744084971182,30.80858320178766 103.9736906588013,30.80761678525772 103.9735832154295,30.8076228664606
F  29  1  0  103.9744084971182,30.80858320178766 103.9745317349356,30.80854680469339 103.9737981300245,30.8076107023884 103.9736906588013,30.80761678525772
F  29  2  0  103.9745317349356,30.80854680469339 103.9746565214996,30.80850902735102 103.9739055732137,30.8076046210158 103.9737981300245,30.8076107023884
F  30  0  0  103.9735832154295,30.8076228664606 103.9736906588013,30.80761678525772 103.9735759302063,30.80620848981777 103.9734976944498,30.80621695593293
F  30  1  0  103.9736906588013,30.80761678525772 103.9737981300245,30.8076107023884 103.9736550871173,30.80620044172195 103.9735759302063,30.80620848981777
F  30  2  0  103.9737981300245,30.8076107023884 103.9739055732137,30.8076046210158 103.9737348754566,30.80619278109754 103.9736550871173,30.80620044172195
F  31  0  0  103.9734976944498,30.80621695593293 103.9735759302063,30.80620848981777 103.9732779605303,30.80490878369077 103.9731616568108,30.80494556664161
F  31  1  0  103.9735759302063,30.80620848981777 103.9736550871173,30.80620044172195 103.9733967221985,30.80487229639135 103.9732779605303,30.80490878369077
F  31  2  0  103.9736550871173,30.80620044172195 103.9737348754566,30.80619278109754 103.9735185635266,30.80483577182926 103.9733967221985,30.80487229639135
F  32  0  0  103.9731616568108,30.80494556664161 103.9732779605303,30.80490878369077 103.9727795271331,30.80415657868399 103.9726867515748,30.80416425287366
F  32  1  0  103.9732779605303,30.80490878369077 103.9733967221985,30.80487229639135 103.9728723210627,30.80414890290685 103.9727795271331,30.80415657868399
F  32  2  0  103.9733967221985,30.80487229639135 103.9735185635266,30.80483577182926 103.9729650965072,30.80414122859093 103.9728723210627,30.80414890290685
F  33  0  0  103.9726867515748,30.80416425287366 103.9727795271331,30.80415657868399 103.9727761151021,30.80375414927638 103.9726588252472,30.80375884157007
F  33  1  0  103.9727795271331,30.80415657868399 103.9728723210627,30.80414890290685 103.9728903895667,30.80375428587889 103.9727761151021,30.80375414927638
F  33  2  0  103.9728723210627,30.80414890290685 103.9729650965072,30.80414122859093 103.9730039490376,30.80375945439941 103.9728903895667,30.80375428587889
F  34  0  0  103.9726588252472,30.80375884157007 103.9727761151021,30.80375414927638 103.9728398235058,30.80349272146341 103.972718847713,30.80348391027191
F  34  1  0  103.9727761151021,30.80375414927638 103.9728903895667,30.80375428587889 103.9729581691334,30.80350096164936 103.9728398235058,30.80349272146341
F  34  2  0  103.9728903895667,30.80375428587889 103.9730039490376,30.80375945439941 103.9730767557837,30.80350888614034 103.9729581691334,30.80350096164936
F  35  0  0  103.972718847713,30.80348391027191 103.9728398235058,30.80349272146341 103.9730242171449,30.80308216478118 103.9729128848317,30.80306557998928
F  35  1  0  103.9728398235058,30.80349272146341 103.9729581691334,30.80350096164936 103.9731355783558,30.80309875377689 103.9730242171449,30.80308216478118
F  35  2  0  103.9729581691334,30.80350096164936 103.9730767557837,30.80350888614034 103.9732468994895,30.80311533670154 103.9731355783558,30.80309875377689
F  36  0  0  103.9729128848317,30.80306557998928 103.9730242171449,30.80308216478118 103.9743225956226,30.80194429277044 103.9742170493999,30.8019093408677
F  36  1  0  103.9730242171449,30.80308216478118 103.9731355783558,30.80309875377689 103.9744286322691,30.80197951068685 103.9743225956226,30.80194429277044
F  36  2  0  103.9731355783558,30.80309875377689 103.9732468994895,30.80311533670154 103.9745351383719,30.80201499888937 103.9744286322691,30.80197951068685
F  37  0  0  103.9742170493999,30.8019093408677 103.9743225956226,30.80194429277044 103.976996608973,30.80039322359301 103.9769159962455,30.8003395025709
F  37  1  0  103.9743225956226,30.80194429277044 103.9744286322691,30.80197951068685 103.9770778105448,30.80044724187888 103.976996608973,30.80039322359301
F  37  2  0  103.9744286322691,30.80197951068685 103.9745351383719,30.80201499888937 103.9771595866683,30.80050152711172 103.9770778105448,30.80044724187888
F  38  0  0  103.9769159962455,30.8003395025709 103.976996608973,30.80039322359301 103.978888224696,30.79965222389751 103.9788114219737,30.79958987003402
F  38  1  0  103.976996608973,30.80039322359301 103.9770778105448,30.80044724187888 103.978965047437,30.79971459388905 103.978888224696,30.79965222389751
F  38  2  0  103.9770778105448,30.80044724187888 103.9771595866683,30.80050152711172 103.9790418502536,30.79977694758007 103.978965047437,30.79971459388905
F  39  0  0  103.9788114219737,30.79958987003402 103.978888224696,30.79965222389751 103.9790203905014,30.79913227083294 103.9789437636534,30.79906823517009
F  39  1  0  103.978888224696,30.79965222389751 103.978965047437,30.79971459388905 103.979097547109,30.79919632686297 103.9790203905014,30.79913227083294
F  39  2  0  103.978965047437,30.79971459388905 103.9790418502536,30.79977694758007 103.979174608924,30.79926029717135 103.979097547109,30.79919632686297
F  40  0  0  103.9789437636534,30.79906823517009 103.9790203905014,30.79913227083294 103.9790413749282,30.79878456218923 103.9789605369918,30.79872154937125
F  40  1  0  103.9790203905014,30.79913227083294 103.979097547109,30.79919632686297 103.9791209143049,30.79884940999498 103.9790413749282,30.79878456218923
F  40  2  0  103.979097547109,30.79919632686297 103.979174608924,30.79926029717135 103.9791982817417,30.79891590994228 103.9791209143049,30.79884940999498
F  41  0  0  103.9789605369918,30.79872154937125 103.9790413749282,30.79878456218923 103.9791540768,30.79824673617449 103.9790602521155,30.79818291147048
F  41  1  0  103.9790413749282,30.79878456218923 103.9791209143049,30.79884940999498 103.9792479059549,30.79831056376884 103.9791540768,30.79824673617449
F  41  2  0  103.9791209143049,30.79884940999498 103.9791982817417,30.79891590994228 103.9793417308063,30.79837438828507 103.9792479059549,30.79831056376884
F  42  0  0  103.9790602521155,30.79818291147048 103.9791540768,30.79824673617449 103.9803513292947,30.79676653462338 103.9802747443865,30.79672917773003
F  42  1  0  103.9791540768,30.79824673617449 103.9792479059549,30.79831056376884 103.980428504003,30.79680423805069 103.9803513292947,30.79676653462338
F  42  2  0  103.9792479059549,30.79831056376884 103.9793417308063,30.79837438828507 103.9805061135608,30.7968422327638 103.980428504003,30.79680423805069
F  43  0  0  103.9802747443865,30.79672917773003 103.9803513292947,30.79676653462338 103.9801540328495,30.79352948321836 103.9800385031897,30.79351335930017
F  43  1  0  103.9803513292947,30.79676653462338 103.980428504003,30.79680423805069 103.9802693104416,30.79354767931028 103.9801540328495,30.79352948321836
F  43  2  0  103.980428504003,30.79680423805069 103.9805061135608,30.7968422327638 103.9803841293126,30.79356792106052 103.9802693104416,30.79354767931028
F  44  0  0  103.9800385031897,30.79351335930017 103.9801540328495,30.79352948321836 103.9801599861314,30.7909773921582 103.9799974911725,30.7909370653535
F  44  1  0  103.9801540328495,30.79352948321836 103.9802693104416,30.79354767931028 103.9803225134328,30.79101772675336 103.9801599861314,30.7909773921582
F  44  2  0  103.9802693104416,30.79354767931028 103.9803841293126,30.79356792106052 103.9804850085257,30.79105805311931 103.9803225134328,30.79101772675336
F  45  0  0  103.9799974911725,30.7909370653535 103.9801599861314,30.7909773921582 103.9811635085639,30.79012911735396 103.9810692132465,30.7900918264334
F  45  1  0  103.9801599861314,30.7909773921582 103.9803225134328,30.79101772675336 103.9812649194812,30.79016954809316 103.9811635085639,30.79012911735396
F  45  2  0  103.9803225134328,30.79101772675336 103.9804850085257,30.79105805311931 103.9813729830084,30.79021298424895 103.9812649194812,30.79016954809316
F  46  0  0  103.9810692132465,30.7900918264334 103.9811635085639,30.79012911735396 103.980972615675,30.78917762974062 103.9808188193899,30.78912362766379
F  46  1  0  103.9811635085639,30.79012911735396 103.9812649194812,30.79016954809316 103.9811336310061,30.78924164611079 103.980972615675,30.78917762974062
F  46  2  0  103.9812649194812,30.79016954809316 103.9813729830084,30.79021298424895 103.9813028684475,30.78931573424 103.9811336310061,30.78924164611079
F  47  0  0  103.9808188193899,30.78912362766379 103.980972615675,30.78917762974062 103.9810767684828,30.7882553692898 103.9809197522024,30.78816736528296
F  47  1  0  103.980972615675,30.78917762974062 103.9811336310061,30.78924164611079 103.9812338161718,30.78834339055321 103.9810767684828,30.7882553692898
F  47  2  0  103.9811336310061,30.78924164611079 103.9813028684475,30.78931573424 103.9813908329015,30.78843139411747 103.9812338161718,30.78834339055321
F  48  0  0  103.9809197522024,30.78816736528296 103.9810767684828,30.7882553692898 103.9818250921577,30.78759589457074 103.9817281234833,30.78750735815619
F  48  1  0  103.9810767684828,30.7882553692898 103.9812338161718,30.78834339055321 103.9819299720117,30.78768006597385 103.9818250921577,30.78759589457074
F  48  2  0  103.9812338161718,30.78834339055321 103.9813908329015,30.78843139411747 103.9820408815435,30.78775838214617 103.9819299720117,30.78768006597385
F  49  0  0  103.9817281234833,30.78750735815619 103.9818250921577,30.78759589457074 103.9827414895023,30.78713322958608 103.9826651462545,30.78708071650967
F  49  1  0  103.9818250921577,30.78759589457074 103.9819299720117,30.78768006597385 103.982818154452,30.78718955605477 103.9827414895023,30.78713322958608
F  49  2  0  103.9819299720117,30.78768006597385 103.9820408815435,30.78775838214617 103.9828933973286,30.78724837816684 103.982818154452,30.78718955605477
F  50  0  0  103.9826651462545,30.78708071650967 103.9827414895023,30.78713322958608 103.9832456772946,30.78640849112928 103.9830984681134,30.78631673968465
F  50  1  0  103.9827414895023,30.78713322958608 103.982818154452,30.78718955605477 103.9833928936166,30.78650024668647 103.9832456772946,30.78640849112928
F  50  2  0  103.982818154452,30.78718955605477 103.9828933973286,30.78724837816684 103.9835400976502,30.78659199424678 103.9833928936166,30.78650024668647
F  51  0  0  103.9830984681134,30.78631673968465 103.9832456772946,30.78640849112928 103.9833378701335,30.78564422341215 103.9831624525626,30.78553295708381
F  51  1  0  103.9832456772946,30.78640849112928 103.9833928936166,30.78650024668647 103.9835112809479,30.78574530050963 103.9833378701335,30.78564422341215
F  51  2  0  103.9833928936166,30.78650024668647 103.9835400976502,30.78659199424678 103.9836891018324,30.78583727850765 103.9835112809479,30.78574530050963
F  52  0  0  103.9831624525626,30.78553295708381 103.9833378701335,30.78564422341215 103.9835241621373,30.78496987224038 103.9834341469673,30.78489250878367
F  52  1  0  103.9833378701335,30.78564422341215 103.9835112809479,30.78574530050963 103.9836166555961,30.78503962351929 103.9835241621373,30.78496987224038
F  52  2  0  103.9835112809479,30.78574530050963 103.9836891018324,30.78583727850765 103.9837101218882,30.78510185364475 103.9836166555961,30.78503962351929
F  53  0  0  103.9834341469673,30.78489250878367 103.9835241621373,30.78496987224038 103.9836573997548,30.78403915274246 103.983566341343,30.78398027739422
F  53  1  0  103.9835241621373,30.78496987224038 103.9836166555961,30.78503962351929 103.9837484604012,30.78409802940113 103.9836573997548,30.78403915274246
F  53  2  0  103.9836166555961,30.78503962351929 103.9837101218882,30.78510185364475 103.9838395168563,30.78415690321562 103.9837484604012,30.78409802940113
F  54  0  0  103.983566341343,30.78398027739422 103.9836573997548,30.78403915274246 103.9847588016233,30.78286645248009 103.9846643712455,30.78281320268144
F  54  1  0  103.9836573997548,30.78403915274246 103.9837484604012,30.78409802940113 103.984851966595,30.78292064987676 103.9847588016233,30.78286645248009
F  54  2  0  103.9837484604012,30.78409802940113 103.9838395168563,30.78415690321562 103.9849437301729,30.78297568468842 103.984851966595,30.78292064987676
F  55  0  0  103.9846643712455,30.78281320268144 103.9847588016233,30.78286645248009 103.9862012037934,30.78125041427071 103.9860709732183,30.78118509564328
F  55  1  0  103.9847588016233,30.78286645248009 103.984851966595,30.78292064987676 103.986328614187,30.78131741119159 103.9862012037934,30.78125041427071
F  55  2  0  103.984851966595,30.78292064987676 103.9849437301729,30.78297568468842 103.9864531287537,30.78138599527474 103.986328614187,30.78131741119159
F  56  0  0  103.9860709732183,30.78118509564328 103.9862012037934,30.78125041427071 103.9878159279474,30.77964357673004 103.9876644970607,30.77956672268805
F  56  1  0  103.9862012037934,30.78125041427071 103.986328614187,30.78131741119159 103.9879673890243,30.77972044579759 103.9878159279474,30.77964357673004
F  56  2  0  103.986328614187,30.78131741119159 103.9864531287537,30.78138599527474 103.9881188202638,30.77979729942576 103.9879673890243,30.77972044579759
F  57  0  0  103.9876644970607,30.77956672268805 103.9878159279474,30.77964357673004 103.9884937545964,30.77758650196679 103.9883716964623,30.77746901986041
F  57  1  0  103.9878159279474,30.77964357673004 103.9879673890243,30.77972044579759 103.9886181560963,30.77770671328459 103.9884937545964,30.77758650196679
F  57  2  0  103.9879673890243,30.77972044579759 103.9881188202638,30.77979729942576 103.9887450838534,30.77782993647985 103.9886181560963,30.77770671328459
F  58  0  0  103.9883716964623,30.77746901986041 103.9884937545964,30.77758650196679 103.9896924423844,30.7756374352569 103.9896159743408,30.77546979489813
F  58  1  0  103.9884937545964,30.77758650196679 103.9886181560963,30.77770671328459 103.9897712950246,30.7758071769535 103.9896924423844,30.7756374352569
F  58  2  0  103.9886181560963,30.77770671328459 103.9887450838534,30.77782993647985 103.9898528855305,30.77597948743407 103.9897712950246,30.7758071769535
F  59  0  0  103.9896159743408,30.77546979489813 103.9896924423844,30.7756374352569 103.9912687002104,30.77418428055008 103.9912393984606,30.77401218924802
F  59  1  0  103.9896924423844,30.7756374352569 103.9897712950246,30.7758071769535 103.9912980027379,30.77435637585028 103.9912687002104,30.77418428055008
F  59  2  0  103.9897712950246,30.7758071769535 103.9898528855305,30.77597948743407 103.9913273039746,30.77452846300033 103.9912980027379,30.77435637585028
F  60  0  0  103.9912393984606,30.77401218924802 103.9912687002104,30.77418428055008 103.9932908659812,30.77427779461535 103.9932715597043,30.77412904682159
F  60  1  0  103.9912687002104,30.77418428055008 103.9912980027379,30.77435637585028 103.9933146007425,30.77443021845764 103.9932908659812,30.77427779461535
F  60  2  0  103.9912980027379,30.77435637585028 103.9913273039746,30.77452846300033 103.993342832517,30.77458610143777 103.9933146007425,30.77443021845764
F  61  0  0  103.9932715597043,30.77412904682159 103.9932908659812,30.77427779461535 103.995013334137,30.77392880499282 103.9949870315124,30.77380018164865
F  61  1  0  103.9932908659812,30.77427779461535 103.9933146007425,30.77443021845764 103.995042090577,30.77405942152116 103.995013334137,30.77392880499282
F  61  2  0  103.9933146007425,30.77443021845764 103.993342832517,30.77458610143777 103.9950732612346,30.77419173627526 103.995042090577,30.77405942152116
F  62  0  0  103.9949870315124,30.77380018164865 103.995013334137,30.77392880499282 103.9964833841225,30.7733446512189 103.9964590249919,30.77321501956213
F  62  1  0  103.995013334137,30.77392880499282 103.995042090577,30.77405942152116 103.9965077472186,30.77347430365269 103.9964833841225,30.7733446512189
F  62  2  0  103.995042090577,30.77405942152116 103.9950732612346,30.77419173627526 103.9965321055287,30.77360393028928 103.9965077472186,30.77347430365269
F  63  0  0  103.9964590249919,30.77321501956213 103.9964833841225,30.7733446512189 103.9977646106237,30.77365689004821 103.9977534538047,30.77355368439899
F  63  1  0  103.9964833841225,30.7733446512189 103.9965077472186,30.77347430365269 103.9977755164031,30.77375975302281 103.9977646106237,30.77365689004821
F  63  2  0  103.9965077472186,30.77347430365269 103.9965321055287,30.77360393028928 103.9977864122155,30.77386217812107 103.9977755164031,30.77375975302281
F  64  0  0  103.9977534538047,30.77355368439899 103.9977646106237,30.77365689004821 103.9989331554632,30.77399844763276 103.9989198145234,30.7738761888336
F  64  1  0  103.9977646106237,30.77365689004821 103.9977755164031,30.77375975302281 103.9989491856913,30.7741219253922 103.9989331554632,30.77399844763276
F  64  2  0  103.9977755164031,30.77375975302281 103.9977864122155,30.77386217812107 103.9989678664838,30.77424793188184 103.9989491856913,30.7741219253922
F  65  0  0  103.9989198145234,30.7738761888336 103.9989331554632,30.77399844763276 104.0001287254775,30.77399798071496 104.0000942303395,30.77392464972582
F  65  1  0  103.9989331554632,30.77399844763276 103.9989491856913,30.7741219253922 104.0001632296123,30.77407133071268 104.0001287254775,30.77399798071496
F  65  2  0  103.9989491856913,30.7741219253922 103.9989678664838,30.77424793188184 104.0001977248027,30.77414466157878 104.0001632296123,30.77407133071268
F  66  0  0  104.0000942303395,30.77392464972582 104.0001287254775,30.77399798071496 104.0011490356297,30.77297927970339 104.0010807949481,30.77288412563259
F  66  1  0  104.0001287254775,30.77399798071496 104.0001632296123,30.77407133071268 104.0012179218812,30.77307961478481 104.0011490356297,30.77297927970339
F  66  2  0  104.0001632296123,30.77407133071268 104.0001977248027,30.77414466157878 104.0012886861412,30.77318619796352 104.0012179218812,30.77307961478481
F  67  0  0  104.0010807949481,30.77288412563259 104.0011490356297,30.77297927970339 104.0015583025661,30.77177119428786 104.001499485754,30.77165732219481
F  67  1  0  104.0011490356297,30.77297927970339 104.0012179218812,30.77307961478481 104.00161628055,30.77188114335366 104.0015583025661,30.77177119428786
F  67  2  0  104.0012179218812,30.77307961478481 104.0012886861412,30.77318619796352 104.0016742165191,30.77198773345982 104.00161628055,30.77188114335366
F  68  0  0  104.001499485754,30.77165732219481 104.0015583025661,30.77177119428786 104.0022962351841,30.77128318562078 104.0022817257864,30.77116931871952
F  68  1  0  104.0015583025661,30.77177119428786 104.00161628055,30.77188114335366 104.0023107474872,30.77139707508272 104.0022962351841,30.77128318562078
F  68  2  0  104.00161628055,30.77188114335366 104.0016742165191,30.77198773345982 104.0023252569317,30.77151094186984 104.0023107474872,30.77139707508272
F  69  0  0  104.0022817257864,30.77116931871952 104.0022962351841,30.77128318562078 104.0026606727655,30.77114428512225 104.0026642613294,30.77101709310879
F  69  1  0  104.0022962351841,30.77128318562078 104.0023107474872,30.77139707508272 104.0026510338376,30.77127327895976 104.0026606727655,30.77114428512225
F  69  2  0  104.0023107474872,30.77139707508272 104.0023252569317,30.77151094186984 104.0026361328712,30.7714009163155 104.0026510338376,30.77127327895976
F  70  0  0  104.0026642613294,30.77101709310879 104.0026606727655,30.77114428512225 104.0029203272328,30.7710918502642 104.0029377973455,30.77095243440894
F  70  1  0  104.0026606727655,30.77114428512225 104.0026510338376,30.77127327895976 104.0028887806379,30.77122848814317 104.0029203272328,30.7710918502642
F  70  2  0  104.0026510338376,30.77127327895976 104.0026361328712,30.7714009163155 104.0028437917245,30.77135403919337 104.0028887806379,30.77122848814317
F  71  0  0  104.0029377973455,30.77095243440894 104.0029203272328,30.7710918502642 104.0032567090855,30.77113481925855 104.0033182419467,30.77098507444391
F  71  1  0  104.0029203272328,30.7710918502642 104.0028887806379,30.77122848814317 104.0031951754812,30.77128456536627 104.0032567090855,30.77113481925855
F  71  2  0  104.0028887806379,30.77122848814317 104.0028437917245,30.77135403919337 104.0031336431431,30.77143430787768 104.0031951754812,30.77128456536627
F  72  0  0  104.0033182419467,30.77098507444391 104.0032567090855,30.77113481925855 104.0036742453824,30.77161450994692 104.0037745661368,30.77142463632902
F  72  1  0  104.0032567090855,30.77113481925855 104.0031951754812,30.77128456536627 104.0035692560941,30.77179492727187 104.0036742453824,30.77161450994692
F  72  2  0  104.0031951754812,30.77128456536627 104.0031336431431,30.77143430787768 104.003450970553,30.77197320241874 104.0035692560941,30.77179492727187
F  73  0  0  104.0037745661368,30.77142463632902 104.0036742453824,30.77161450994692 104.0042720307954,30.77228868499076 104.0043105953965,30.77210097037635
F  73  1  0  104.0036742453824,30.77161450994692 104.0035692560941,30.77179492727187 104.0042297034577,30.77248475363796 104.0042720307954,30.77228868499076
F  73  2  0  104.0035692560941,30.77179492727187 104.003450970553,30.77197320241874 104.0041822021557,30.77269016083505 104.0042297034577,30.77248475363796
F  74  0  0  104.0043105953965,30.77210097037635 104.0042720307954,30.77228868499076 104.0053624599505,30.7726533056807 104.0053397500496,30.77245549790355
F  74  1  0  104.0042720307954,30.77228868499076 104.0042297034577,30.77248475363796 104.0053851701341,30.77285111520435 104.0053624599505,30.7726533056807
F  74  2  0  104.0042297034577,30.77248475363796 104.0041822021557,30.77269016083505 104.0054078798586,30.77304892001358 104.0053851701341,30.77285111520435
F  75  0  0  104.0053397500496,30.77245549790355 104.0053624599505,30.7726533056807 104.0062518868235,30.7719800119257 104.0060156558706,30.77169126545964
F  75  1  0  104.0053624599505,30.7726533056807 104.0053851701341,30.77285111520435 104.0064537271138,30.77227214672903 104.0062518868235,30.7719800119257
F  75  2  0  104.0053851701341,30.77285111520435 104.0054078798586,30.77304892001358 104.0066566636694,30.77260131386075 104.0064537271138,30.77227214672903
F  76  0  0  104.0060156558706,30.77169126545964 104.0062518868235,30.7719800119257 104.0069483114612,30.77088868079835 104.0067614975782,30.77059643150734
F  76  1  0  104.0062518868235,30.7719800119257 104.0064537271138,30.77227214672903 104.0071394371635,30.7711197743589 104.0069483114612,30.77088868079835
F  76  2  0  104.0064537271138,30.77227214672903 104.0066566636694,30.77260131386075 104.0073521482333,30.77131220401859 104.0071394371635,30.7711197743589
F  77  0  0  104.0067614975782,30.77059643150734 104.0069483114612,30.77088868079835 104.0079853535027,30.76993737820379 104.0078993023366,30.76982323925762
F  77  1  0  104.0069483114612,30.77088868079835 104.0071394371635,30.7711197743589 104.0080714068744,30.77005151975424 104.0079853535027,30.76993737820379
F  77  2  0  104.0071394371635,30.7711197743589 104.0073521482333,30.77131220401859 104.008157456378,30.77016565585295 104.0080714068744,30.77005151975424
F  78  0  0  104.0078993023366,30.76982323925762 104.0079853535027,30.76993737820379 104.0091115644597,30.76949641122528 104.0089697220155,30.76939901197324
F  78  1  0  104.0079853535027,30.76993737820379 104.0080714068744,30.77005151975424 104.009243930624,30.7695894028587 104.0091115644597,30.76949641122528
F  78  2  0  104.0080714068744,30.77005151975424 104.008157456378,30.77016565585295 104.0093691999921,30.7696792830764 104.009243930624,30.7695894028587
F  79  0  0  104.0089697220155,30.76939901197324 104.0091115644597,30.76949641122528 104.0102100936557,30.76918049224659 104.0100335329419,30.76908208511409
F  79  1  0  104.0091115644597,30.76949641122528 104.009243930624,30.7695894028587 104.0103874542185,30.76927077505071 104.0102100936557,30.76918049224659
F  79  2  0  104.009243930624,30.7695894028587 104.0093691999921,30.7696792830764 104.0105712168125,30.7693566819411 104.0103874542185,30.76927077505071
F  80  0  0  104.0100335329419,30.76908208511409 104.0102100936557,30.76918049224659 104.0110037809426,30.76843922369441 104.0108991990398,30.76842636533258
F  80  1  0  104.0102100936557,30.76918049224659 104.0103874542185,30.76927077505071 104.0111083835975,30.76845208452018 104.0110037809426,30.76843922369441
F  80  2  0  104.0103874542185,30.76927077505071 104.0105712168125,30.7693566819411 104.0112129654543,30.76846494270136 104.0111083835975,30.76845208452018
F  81  0  0  104.0108991990398,30.76842636533258 104.0110037809426,30.76843922369441 104.0104155629982,30.76751436001057 104.0102218253561,30.7675228985381
F  81  1  0  104.0110037809426,30.76843922369441 104.0111083835975,30.76845208452018 104.0106220030182,30.76752409137425 104.0104155629982,30.76751436001057
F  81  2  0  104.0111083835975,30.76845208452018 104.0112129654543,30.76846494270136 104.0108676584678,30.7675456418801 104.0106220030182,30.76752409137425
F  82  0  0  104.0102218253561,30.7675228985381 104.0104155629982,30.76751436001057 104.0095213391246,30.76680554482613 104.0093190092388,30.76669002014178
F  82  1  0  104.0104155629982,30.76751436001057 104.0106220030182,30.76752409137425 104.0096962977028,30.76690797834341 104.0095213391246,30.76680554482613
F  82  2  0  104.0106220030182,30.76752409137425 104.0108676584678,30.7675456418801 104.0098429244213,30.76699902607589 104.0096962977028,30.76690797834341
F  83  0  0  104.0093190092388,30.76669002014178 104.0095213391246,30.76680554482613 104.0099427094384,30.76590395989331 104.0098617420416,30.76574646583395
F  83  1  0  104.0095213391246,30.76680554482613 104.0096962977028,30.76690797834341 104.0100236789645,30.7660614575445 104.0099427094384,30.76590395989331
F  83  2  0  104.0096962977028,30.76690797834341 104.0098429244213,30.76699902607589 104.0101046449356,30.76621894773058 104.0100236789645,30.7660614575445
F  84  0  0  104.0098617420416,30.76574646583395 104.0099427094384,30.76590395989331 104.0112970628589,30.76574654529553 104.0112369370516,30.76563100935978
F  84  1  0  104.0099427094384,30.76590395989331 104.0100236789645,30.7660614575445 104.0113553906673,30.76586767785739 104.0112970628589,30.76574654529553
F  84  2  0  104.0100236789645,30.7660614575445 104.0101046449356,30.76621894773058 104.0114111372172,30.76599218638407 104.0113553906673,30.76586767785739
F  85  0  0  104.0112369370516,30.76563100935978 104.0112970628589,30.76574654529553 104.0123851991929,30.76513847730037 104.0122593875275,30.76496745890445
F  85  1  0  104.0112970628589,30.76574654529553 104.0113553906673,30.76586767785739 104.0125031664756,30.76532231387846 104.0123851991929,30.76513847730037
F  85  2  0  104.0113553906673,30.76586767785739 104.0114111372172,30.76599218638407 104.0126151199445,30.76551984036346 104.0125031664756,30.76532231387846
F  86  0  0  104.0122593875275,30.76496745890445 104.0123851991929,30.76513847730037 104.0131559462494,30.76451279395576 104.0130295467136,30.7643485566711
F  86  1  0  104.0123851991929,30.76513847730037 104.0125031664756,30.76532231387846 104.0132823491517,30.76467703494458 104.0131559462494,30.76451279395576
F  86  2  0  104.0125031664756,30.76532231387846 104.0126151199445,30.76551984036346 104.0134087464961,30.76484126804191 104.0132823491517,30.76467703494458
F  87  0  0  104.0130295467136,30.7643485566711 104.0131559462494,30.76451279395576 104.0139911604536,30.76445808172335 104.0138750586343,30.76430164106189
F  87  1  0  104.0131559462494,30.76451279395576 104.0132823491517,30.76467703494458 104.0141064862523,30.76461163515185 104.0139911604536,30.76445808172335
F  87  2  0  104.0132823491517,30.76467703494458 104.0134087464961,30.76484126804191 104.0142213502237,30.76476225137337 104.0141064862523,30.76461163515185
F  88  0  0  104.0138750586343,30.76430164106189 104.0139911604536,30.76445808172335 104.014686179723,30.7644804008162 104.0145811387654,30.7643199025829
F  88  1  0  104.0139911604536,30.76445808172335 104.0141064862523,30.76461163515185 104.0147953992249,30.76464147185477 104.014686179723,30.7644804008162
F  88  2  0  104.0141064862523,30.76461163515185 104.0142213502237,30.76476225137337 104.0149093914636,30.76480757322506 104.0147953992249,30.76464147185477
F  89  0  0  104.0145811387654,30.7643199025829 104.014686179723,30.7644804008162 104.0153663621515,30.76440472031729 104.0152470449448,30.76426983895549
F  89  1  0  104.014686179723,30.7644804008162 104.0147953992249,30.76464147185477 104.0154856824491,30.7645396046942 104.0153663621515,30.76440472031729
F  89  2  0  104.0147953992249,30.76464147185477 104.0149093914636,30.76480757322506 104.0156049974597,30.76467448261544 104.0154856824491,30.7645396046942
F  90  0  0  104.0152470449448,30.76426983895549 104.0153663621515,30.76440472031729 104.0156791264788,30.76394490937819 104.0155178548016,30.76386349197469
F  90  1  0  104.0153663621515,30.76440472031729 104.0154856824491,30.7645396046942 104.0158212433671,30.76401421619287 104.0156791264788,30.76394490937819
F  90  2  0  104.0154856824491,30.7645396046942 104.0156049974597,30.76467448261544 104.0159465198997,30.7640740996713 104.0158212433671,30.76401421619287
F  91  0  0  104.0155178548016,30.76386349197469 104.0156791264788,30.76394490937819 104.0156267387064,30.76337529998808 104.0154779131652,30.76339424914239
F  91  1  0  104.0156791264788,30.76394490937819 104.0158212433671,30.76401421619287 104.0157505226442,30.76336061233745 104.0156267387064,30.76337529998808
F  91  2  0  104.0158212433671,30.76401421619287 104.0159465198997,30.7640740996713 104.0158523689679,30.76334980918772 104.0157505226442,30.76336061233745
F  92  0  0  104.0154779131652,30.76339424914239 104.0156267387064,30.76337529998808 104.0153193799059,30.76278465944444 104.0152013234624,30.76288482364567
F  92  1  0  104.0156267387064,30.76337529998808 104.0157505226442,30.76336061233745 104.0154374371546,30.76268449423841 104.0153193799059,30.76278465944444
F  92  2  0  104.0157505226442,30.76336061233745 104.0158523689679,30.76334980918772 104.015555491355,30.76258433129704 104.0154374371546,30.76268449423841
F  93  0  0  104.0152013234624,30.76288482364567 104.0153193799059,30.76278465944444 104.0142453594357,30.76226779099066 104.014180711577,30.7623218868406
F  93  1  0  104.0153193799059,30.76278465944444 104.0154374371546,30.76268449423841 104.0143133754675,30.76221310169726 104.0142453594357,30.76226779099066
F  93  2  0  104.0154374371546,30.76268449423841 104.015555491355,30.76258433129704 104.014384379412,30.762158781693 104.0143133754675,30.76221310169726
F  94  0  0  104.014180711577,30.7623218868406 104.0142453594357,30.76226779099066 104.0127449111268,30.76192267694771 104.0126189786422,30.76205514599502
F  94  1  0  104.0142453594357,30.76226779099066 104.0143133754675,30.76221310169726 104.0128812709899,30.76179562649011 104.0127449111268,30.76192267694771
F  94  2  0  104.0143133754675,30.76221310169726 104.014384379412,30.762158781693 104.01302904513,30.76167304023895 104.0128812709899,30.76179562649011
F  95  0  0  104.0126189786422,30.76205514599502 104.0127449111268,30.76192267694771 104.011620707606,30.76124924716929 104.0114422424489,30.76133252760514
F  95  1  0  104.0127449111268,30.76192267694771 104.0128812709899,30.76179562649011 104.0117991766115,30.76116596454328 104.011620707606,30.76124924716929
F  95  2  0  104.0128812709899,30.76179562649011 104.01302904513,30.76167304023895 104.0119776368624,30.76108268560824 104.0117991766115,30.76116596454328
F  96  0  0  104.0114422424489,30.76133252760514 104.011620707606,30.76124924716929 104.0111950400254,30.76050493178347 104.0110471077715,30.76051165415166
F  96  1  0  104.011620707606,30.76124924716929 104.0117991766115,30.76116596454328 104.011345656761,30.76048945571404 104.0111950400254,30.76050493178347
F  96  2  0  104.0117991766115,30.76116596454328 104.0119776368624,30.76108268560824 104.011494484979,30.76046556664621 104.011345656761,30.76048945571404
F  97  0  0  104.0110471077715,30.76051165415166 104.0111950400254,30.76050493178347 104.0111885196857,30.75973435691287 104.0110517286741,30.75969781761162
F  97  1  0  104.0111950400254,30.76050493178347 104.011345656761,30.76048945571404 104.0113315367404,30.75977226270205 104.0111885196857,30.75973435691287
F  97  2  0  104.011345656761,30.76048945571404 104.011494484979,30.76046556664621 104.0114792981613,30.75981244463407 104.0113315367404,30.75977226270205
F  98  0  0  104.0110517286741,30.75969781761162 104.0111885196857,30.75973435691287 104.0113959939107,30.75897404721967 104.011249512099,30.75891368150257
F  98  1  0  104.0111885196857,30.75973435691287 104.0113315367404,30.75977226270205 104.011542482738,30.75903441558901 104.0113959939107,30.75897404721967
F  98  2  0  104.0113315367404,30.75977226270205 104.0114792981613,30.75981244463407 104.0116889648004,30.75909478093163 104.011542482738,30.75903441558901
F  99  0  0  104.011249512099,30.75891368150257 104.0113959939107,30.75897404721967 104.0123290883903,30.75842898724547 104.0121994002332,30.75835857198807
F  99  1  0  104.0113959939107,30.75897404721967 104.011542482738,30.75903441558901 104.0124643487536,30.75849730776668 104.0123290883903,30.75842898724547
F  99  2  0  104.011542482738,30.75903441558901 104.0116889648004,30.75909478093163 104.0126056340543,30.75856401586351 104.0124643487536,30.75849730776668
F  100  0  0  104.0121994002332,30.75835857198807 104.0123290883903,30.75842898724547 104.0134502289381,30.75787833877262 104.0133536844353,30.75784868635823
F  100  1  0  104.0123290883903,30.75842898724547 104.0124643487536,30.75849730776668 104.0135507983866,30.75790718582903 104.0134502289381,30.75787833877262
F  100  2  0  104.0124643487536,30.75849730776668 104.0126056340543,30.75856401586351 104.0136551107065,30.75793490100749 104.0135507983866,30.75790718582903
F  101  0  0  104.0133536844353,30.75784868635823 104.0134502289381,30.75787833877262 104.0142240841111,30.75690735457598 104.0141261130176,30.75687642306596
F  101  1  0  104.0134502289381,30.75787833877262 104.0135507983866,30.75790718582903 104.0143220746792,30.75693829214137 104.0142240841111,30.75690735457598
F  101  2  0  104.0135507983866,30.75790718582903 104.0136551107065,30.75793490100749 104.01442003979,30.75696922157619 104.0143220746792,30.75693829214137
F  102  0  0  104.0141261130176,30.75687642306596 104.0142240841111,30.75690735457598 104.014205980161,30.75578419951126 104.0141075717235,30.7557991150287
F  102  1  0  104.0142240841111,30.75690735457598 104.0143220746792,30.75693829214137 104.0143040380895,30.75577179034488 104.014205980161,30.75578419951126
F  102  2  0  104.0143220746792,30.75693829214137 104.01442003979,30.75696922157619 104.0144012311632,30.75576191266425 104.0143040380895,30.75577179034488
F  103  0  0  104.0141075717235,30.7557991150287 104.014205980161,30.75578419951126 104.0133171829899,30.75469757664917 104.0131941470261,30.75475364651766
F  103  1  0  104.014205980161,30.75578419951126 104.0143040380895,30.75577179034488 104.0134373110607,30.75464687635755 104.0133171829899,30.75469757664917
F  103  2  0  104.0143040380895,30.75577179034488 104.0144012311632,30.75576191266425 104.0135546293169,30.75460136570779 104.0134373110607,30.75464687635755
F  104  0  0  104.0131941470261,30.75475364651766 104.0133171829899,30.75469757664917 104.0127154709552,30.75353637362085 104.01257573609,30.75361033891341
F  104  1  0  104.0133171829899,30.75469757664917 104.0134373110607,30.75464687635755 104.0128552332926,30.75346239351886 104.0127154709552,30.75353637362085
F  104  2  0  104.0134373110607,30.75464687635755 104.0135546293169,30.75460136570779 104.0129949590143,30.75338843253085 104.0128552332926,30.75346239351886
F  105  0  0  104.01257573609,30.75361033891341 104.0127154709552,30.75353637362085 104.011377728506,30.75326944025863 104.0112101910167,30.75339482232038
F  105  1  0  104.0127154709552,30.75353637362085 104.0128552332926,30.75346239351886 104.011544992062,30.75315611472574 104.011377728506,30.75326944025863
F  105  2  0  104.0128552332926,30.75346239351886 104.0129949590143,30.75338843253085 104.0117155904253,30.75305142322975 104.011544992062,30.75315611472574
F  106  0  0  104.0112101910167,30.75339482232038 104.011377728506,30.75326944025863 104.0103825841165,30.7525469907468 104.0102176205522,30.75256346736893
F  106  1  0  104.011377728506,30.75326944025863 104.011544992062,30.75315611472574 104.0105454651936,30.75253433846987 104.0103825841165,30.7525469907468
F  106  2  0  104.011544992062,30.75315611472574 104.0117155904253,30.75305142322975 104.0107012064327,30.75252653525765 104.0105454651936,30.75253433846987
F  107  0  0  104.0102176205522,30.75256346736893 104.0103825841165,30.7525469907468 104.0101020809788,30.75135828791164 104.0098784444777,30.75128390475732
F  107  1  0  104.0103825841165,30.7525469907468 104.0105454651936,30.75253433846987 104.0103257282634,30.75143267415611 104.0101020809788,30.75135828791164
F  107  2  0  104.0105454651936,30.75253433846987 104.0107012064327,30.75252653525765 104.0105493652967,30.75150705649449 104.0103257282634,30.75143267415611
F  108  0  0  104.0098784444777,30.75128390475732 104.0101020809788,30.75135828791164 104.0116149527852,30.75045550592251 104.0114787089172,30.7503588801851
F  108  1  0  104.0101020809788,30.75135828791164 104.0103257282634,30.75143267415611 104.0117599415567,30.75055915417327 104.0116149527852,30.75045550592251
F  108  2  0  104.0103257282634,30.75143267415611 104.0105493652967,30.75150705649449 104.0119146096695,30.75067069321287 104.0117599415567,30.75055915417327
F  109  0  0  104.0114787089172,30.7503588801851 104.0116149527852,30.75045550592251 104.0135651705087,30.74978985765394 104.0135256436816,30.74965791310381
F  109  1  0  104.0116149527852,30.75045550592251 104.0117599415567,30.75055915417327 104.0136123176673,30.7499305740976 104.0135651705087,30.74978985765394
F  109  2  0  104.0117599415567,30.75055915417327 104.0119146096695,30.75067069321287 104.0136683073356,30.75008198350648 104.0136123176673,30.7499305740976
F  110  0  1  104.0135256436816,30.74965791310381 104.0135651705087,30.74978985765394 104.0152982889407,30.74941323166114 104.0153187043262,30.74928162028877
F  110  1  1  104.0135651705087,30.74978985765394 104.0136123176673,30.7499305740976 104.0152778725435,30.74954484915761 104.0152982889407,30.74941323166114
F  110  2  1  104.0136123176673,30.7499305740976 104.0136683073356,30.75008198350648 104.0152574578292,30.7496764554071 104.0152778725435,30.74954484915761
