C  0  0  0  103.682502488,30.9433778139 103.682394215,30.9432233127 103.682580257,30.9429265269 103.682622967,30.9430357392
C  0  1  0  103.682394215,30.9432233127 103.682285964,30.9430688142 103.682544201,30.9427922411 103.682580257,30.9429265269
C  0  2  0  103.682285964,30.9430688142 103.682177741,30.9429143211 103.682526345,30.9426382476 103.682544201,30.9427922411
C  1  0  0  103.682622967,30.9430357392 103.682580257,30.9429265269 103.68277475,30.9426305946 103.682796557,30.9427135135
C  1  1  0  103.682580257,30.9429265269 103.682544201,30.9427922411 103.682752333,30.9425422996 103.68277475,30.9426305946
C  1  2  0  103.682544201,30.9427922411 103.682526345,30.9426382476 103.682733366,30.9424498243 103.682752333,30.9425422996
C  2  0  0  103.682796557,30.9427135135 103.68277475,30.9426305946 103.683140063,30.9422603233 103.683193643,30.942317122
C  2  1  0  103.68277475,30.9426305946 103.682752333,30.9425422996 103.68308662,30.9422033978 103.683140063,30.9422603233
C  2  2  0  103.682752333,30.9425422996 103.682733366,30.9424498243 103.683033197,30.9421464855 103.68308662,30.9422033978
C  3  0  0  103.683193643,30.942317122 103.683140063,30.9422603233 103.684062484,30.9412636966 103.684142973,30.9412809706
C  3  1  0  103.683140063,30.9422603233 103.68308662,30.9422033978 103.68398244,30.9412460415 103.684062484,30.9412636966
C  3  2  0  103.68308662,30.9422033978 103.683033197,30.9421464855 103.683902916,30.941228026 103.68398244,30.9412460415
C  4  0  0  103.684142973,30.9412809706 103.684062484,30.9412636966 103.685265292,30.9397243914 103.685331854,30.9397411829
C  4  1  0  103.684062484,30.9412636966 103.68398244,30.9412460415 103.685198565,30.9397077809 103.685265292,30.9397243914
C  4  2  0  103.68398244,30.9412460415 103.683902916,30.941228026 103.685131757,30.9396913909 103.685198565,30.9397077809
C  5  0  0  103.685331854,30.9397411829 103.685265292,30.9397243914 103.686065922,30.9386694098 103.686124637,30.9387278731
C  5  1  0  103.685265292,30.9397243914 103.685198565,30.9397077809 103.686007261,30.9386108652 103.686065922,30.9386694098
C  5  2  0  103.685198565,30.9397077809 103.685131757,30.9396913909 103.685948731,30.9385521417 103.686007261,30.9386108652
C  6  0  0  103.686124637,30.9387278731 103.686065922,30.9386694098 103.686407574,30.9382578692 103.686460727,30.9383567127
C  6  1  0  103.686065922,30.9386694098 103.686007261,30.9386108652 103.686347705,30.9381683558 103.686407574,30.9382578692
C  6  2  0  103.686007261,30.9386108652 103.685948731,30.9385521417 103.686288311,30.9380889623 103.686347705,30.9381683558
C  7  0  0  103.686460727,30.9383567127 103.686407574,30.9382578692 103.686560863,30.937913868 103.686654452,30.9380838681
C  7  1  0  103.686407574,30.9382578692 103.686347705,30.9381683558 103.686440532,30.9377864233 103.686560863,30.937913868
C  7  2  0  103.686347705,30.9381683558 103.686288311,30.9380889623 103.686325202,30.9377042181 103.686440532,30.9377864233
C  8  0  0  103.686654452,30.9380838681 103.686560863,30.937913868 103.686726107,30.9375935354 103.686950237,30.9377760338
C  8  1  0  103.686560863,30.937913868 103.686440532,30.9377864233 103.686501972,30.9374110461 103.686726107,30.9375935354
C  8  2  0  103.686440532,30.9377864233 103.686325202,30.9377042181 103.686277828,30.937228683 103.686501972,30.9374110461
C  9  0  0  103.686950237,30.9377760338 103.686726107,30.9375935354 103.68719872,30.9370168778 103.687452221,30.9372903732
C  9  1  0  103.686726107,30.9375935354 103.686501972,30.9374110461 103.686944245,30.9367732569 103.68719872,30.9370168778
C  9  2  0  103.686501972,30.9374110461 103.686277828,30.937228683 103.686669117,30.9365457742 103.686944245,30.9367732569
C  10  0  0  103.687452221,30.9372903732 103.68719872,30.9370168778 103.687830099,30.9363976481 103.688068923,30.9366926097
C  10  1  0  103.68719872,30.9370168778 103.686944245,30.9367732569 103.687608569,30.9361166987 103.687830099,30.9363976481
C  10  2  0  103.686944245,30.9367732569 103.686669117,30.9365457742 103.687390637,30.9358406571 103.687608569,30.9361166987
C  11  0  0  103.688068923,30.9366926097 103.687830099,30.9363976481 103.688409694,30.9358399391 103.688614909,30.9361295265
C  11  1  0  103.687830099,30.9363976481 103.687608569,30.9361166987 103.688204406,30.9355504459 103.688409694,30.9358399391
C  11  2  0  103.687608569,30.9361166987 103.687390637,30.9358406571 103.687999594,30.9352604929 103.688204406,30.9355504459
C  12  0  0  103.688614909,30.9361295265 103.688409694,30.9358399391 103.68874971,30.9354512033 103.688943895,30.9356766738
C  12  1  0  103.688409694,30.9358399391 103.688204406,30.9355504459 103.688557748,30.9351923939 103.68874971,30.9354512033
C  12  2  0  103.688204406,30.9355504459 103.687999594,30.9352604929 103.688375087,30.934903097 103.688557748,30.9351923939
C  13  0  0  103.688943895,30.9356766738 103.68874971,30.9354512033 103.689046416,30.9350653965 103.689215684,30.9352582419
C  13  1  0  103.68874971,30.9354512033 103.688557748,30.9351923939 103.688865247,30.9348467464 103.689046416,30.9350653965
C  13  2  0  103.688557748,30.9351923939 103.688375087,30.934903097 103.688684708,30.9346086261 103.688865247,30.9348467464
C  14  0  0  103.689215684,30.9352582419 103.689046416,30.9350653965 103.689500453,30.9345938009 103.689697197,30.934787013
C  14  1  0  103.689046416,30.9350653965 103.688865247,30.9348467464 103.689303704,30.9344005979 103.689500453,30.9345938009
C  14  2  0  103.688865247,30.9348467464 103.688684708,30.9346086261 103.689106897,30.9342074454 103.689303704,30.9344005979
C  15  0  0  103.689697197,30.934787013 103.689500453,30.9345938009 103.690377239,30.9337989674 103.690577814,30.9339952712
C  15  1  0  103.689500453,30.9345938009 103.689303704,30.9344005979 103.690172335,30.9335999729 103.690377239,30.9337989674
C  15  2  0  103.689303704,30.9344005979 103.689106897,30.9342074454 103.689961359,30.9333968458 103.690172335,30.9335999729
C  16  0  0  103.690577814,30.9339952712 103.690377239,30.9337989674 103.691546029,30.9326830172 103.691728039,30.9328859875
C  16  1  0  103.690377239,30.9337989674 103.690172335,30.9335999729 103.691361192,30.9324734816 103.691546029,30.9326830172
C  16  2  0  103.690172335,30.9335999729 103.689961359,30.9333968458 103.691172403,30.9322562453 103.691361192,30.9324734816
C  17  0  0  103.691728039,30.9328859875 103.691546029,30.9326830172 103.692547224,30.9317977945 103.692773243,30.9319471516
C  17  1  0  103.691546029,30.9326830172 103.691361192,30.9324734816 103.692321135,30.9316484896 103.692547224,30.9317977945
C  17  2  0  103.691361192,30.9324734816 103.691172403,30.9322562453 103.692094823,30.9314993926 103.692321135,30.9316484896
C  18  0  0  103.692773243,30.9319471516 103.692547224,30.9317977945 103.693296572,30.9311922512 103.69358717,30.9313446427
C  18  1  0  103.692547224,30.9317977945 103.692321135,30.9316484896 103.693017483,30.9310474894 103.693296572,30.9311922512
C  18  2  0  103.692321135,30.9316484896 103.692094823,30.9314993926 103.692734791,30.9309015017 103.693017483,30.9310474894
C  19  0  0  103.69358717,30.9313446427 103.693296572,30.9311922512 103.693750662,30.9305683975 103.694044186,30.9306469746
C  19  1  0  103.693296572,30.9311922512 103.693017483,30.9310474894 103.693473825,30.9304789668 103.693750662,30.9305683975
C  19  2  0  103.693017483,30.9310474894 103.692734791,30.9309015017 103.693209459,30.9303761838 103.693473825,30.9304789668
C  20  0  0  103.694044186,30.9306469746 103.693750662,30.9305683975 103.693952815,30.9298708423 103.694201967,30.9299317594
C  20  1  0  103.693750662,30.9305683975 103.693473825,30.9304789668 103.693703689,30.9298097318 103.693952815,30.9298708423
C  20  2  0  103.693473825,30.9304789668 103.693209459,30.9303761838 103.693454558,30.9297486163 103.693703689,30.9298097318
C  21  0  0  103.694201967,30.9299317594 103.693952815,30.9298708423 103.694168075,30.9292352585 103.694377534,30.9292777946
C  21  1  0  103.693952815,30.9298708423 103.693703689,30.9298097318 103.693976709,30.9291785356 103.694168075,30.9292352585
C  21  2  0  103.693703689,30.9298097318 103.693454558,30.9297486163 103.693804116,30.9291084616 103.693976709,30.9291785356
C  22  0  0  103.694377534,30.9292777946 103.694168075,30.9292352585 103.694332824,30.9286152698 103.694472636,30.9286755945
C  22  1  0  103.694168075,30.9292352585 103.693976709,30.9291785356 103.694203108,30.9285433752 103.694332824,30.9286152698
C  22  2  0  103.693976709,30.9291785356 103.693804116,30.9291084616 103.694084935,30.9284608496 103.694203108,30.9285433752
C  23  0  0  103.694472636,30.9286755945 103.694332824,30.9286152698 103.694666647,30.9281199512 103.694745132,30.9281942699
C  23  1  0  103.694332824,30.9286152698 103.694203108,30.9285433752 103.694588058,30.9280457162 103.694666647,30.9281199512
C  23  2  0  103.694203108,30.9285433752 103.694084935,30.9284608496 103.694509719,30.9279712448 103.694588058,30.9280457162
C  24  0  0  103.694745132,30.9281942699 103.694666647,30.9281199512 103.695079909,30.9278453392 103.695140797,30.9279300583
C  24  1  0  103.694666647,30.9281199512 103.694588058,30.9280457162 103.695018513,30.9277623157 103.695079909,30.9278453392
C  24  2  0  103.694588058,30.9280457162 103.694509719,30.9279712448 103.694956987,30.9276811483 103.695018513,30.9277623157
C  25  0  0  103.695140797,30.9279300583 103.695079909,30.9278453392 103.695474907,30.9276418043 103.695526862,30.9277415967
C  25  1  0  103.695079909,30.9278453392 103.695018513,30.9277623157 103.695422555,30.9275426649 103.695474907,30.9276418043
C  25  2  0  103.695018513,30.9277623157 103.694956987,30.9276811483 103.695369348,30.9274431409 103.695422555,30.9275426649
C  26  0  0  103.695526862,30.9277415967 103.695474907,30.9276418043 103.69603332,30.9275217724 103.696068922,30.9276191022
C  26  1  0  103.695474907,30.9276418043 103.695422555,30.9275426649 103.695997672,30.9274244542 103.69603332,30.9275217724
C  26  2  0  103.695422555,30.9275426649 103.695369348,30.9274431409 103.695962116,30.9273271166 103.695997672,30.9274244542
C  27  0  0  103.696068922,30.9276191022 103.69603332,30.9275217724 103.696954043,30.9274467114 103.696979023,30.9275494642
C  27  1  0  103.69603332,30.9275217724 103.695997672,30.9274244542 103.696930245,30.9273443075 103.696954043,30.9274467114
C  27  2  0  103.695997672,30.9274244542 103.695962116,30.9273271166 103.696907605,30.92724174 103.696930245,30.9273443075
C  28  0  0  103.696979023,30.9275494642 103.696954043,30.9274467114 103.698116473,30.9274059289 103.698138613,30.927496151
C  28  1  0  103.696954043,30.9274467114 103.696930245,30.9273443075 103.698097274,30.9273158521 103.698116473,30.9274059289
C  28  2  0  103.696930245,30.9273443075 103.696907605,30.92724174 103.698081005,30.9272256811 103.698097274,30.9273158521
C  29  0  0  103.698138613,30.927496151 103.698116473,30.9274059289 103.69909598,30.9274811366 103.699106304,30.9275552443
C  29  1  0  103.698116473,30.9274059289 103.698097274,30.9273158521 103.699085426,30.9274070374 103.69909598,30.9274811366
C  29  2  0  103.698097274,30.9273158521 103.698081005,30.9272256811 103.699074753,30.9273329405 103.699085426,30.9274070374
C  30  0  0  103.699106304,30.9275552443 103.69909598,30.9274811366 103.699817462,30.927475054 103.699836394,30.9275443098
C  30  1  0  103.69909598,30.9274811366 103.699085426,30.9274070374 103.699799264,30.9274049771 103.699817462,30.927475054
C  30  2  0  103.699085426,30.9274070374 103.699074753,30.9273329405 103.699781853,30.9273343075 103.699799264,30.9274049771
C  31  0  0  103.699836394,30.9275443098 103.699817462,30.927475054 103.700439884,30.9274302509 103.700465879,30.9274941557
C  31  1  0  103.699817462,30.927475054 103.699799264,30.9274049771 103.700413142,30.9273656971 103.700439884,30.9274302509
C  31  2  0  103.699799264,30.9274049771 103.699781853,30.9273343075 103.700385708,30.9273009184 103.700413142,30.9273656971
C  32  0  0  103.700465879,30.9274941557 103.700439884,30.9274302509 103.701050381,30.9273490311 103.701084164,30.927420988
C  32  1  0  103.700439884,30.9274302509 103.700413142,30.9273656971 103.701016508,30.9272770864 103.701050381,30.9273490311
C  32  2  0  103.700413142,30.9273656971 103.700385708,30.9273009184 103.700982814,30.9272051141 103.701016508,30.9272770864
C  33  0  0  103.701084164,30.927420988 103.701050381,30.9273490311 103.701623178,30.9271571516 103.701652147,30.9272275567
C  33  1  0  103.701050381,30.9273490311 103.701016508,30.9272770864 103.701593482,30.9270875471 103.701623178,30.9271571516
C  33  2  0  103.701016508,30.9272770864 103.700982814,30.9272051141 103.701563196,30.9270189111 103.701593482,30.9270875471
C  34  0  0  103.701652147,30.9272275567 103.701623178,30.9271571516 103.702170983,30.9269302512 103.70220137,30.9270110713
C  34  1  0  103.701623178,30.9271571516 103.701593482,30.9270875471 103.702140039,30.9268492758 103.702170983,30.9269302512
C  34  2  0  103.701593482,30.9270875471 103.701563196,30.9270189111 103.702108341,30.926767622 103.702140039,30.9268492758
C  35  0  0  103.70220137,30.9270110713 103.702170983,30.9269302512 103.702809108,30.9267911927 103.702831798,30.9268660334
C  35  1  0  103.702170983,30.9269302512 103.702140039,30.9268492758 103.702786439,30.9267163491 103.702809108,30.9267911927
C  35  2  0  103.702140039,30.9268492758 103.702108341,30.926767622 103.70276379,30.9266414716 103.702786439,30.9267163491
C  36  0  0  103.702831798,30.9268660334 103.702809108,30.9267911927 103.703559185,30.9268299665 103.703576712,30.9269387591
C  36  1  0  103.702809108,30.9267911927 103.702786439,30.9267163491 103.703541232,30.9267229051 103.703559185,30.9268299665
C  36  2  0  103.702786439,30.9267163491 103.70276379,30.9266414716 103.703523012,30.9266151943 103.703541232,30.9267229051
C  37  0  0  103.703576712,30.9269387591 103.703559185,30.9268299665 103.704371946,30.9268953289 103.704397589,30.9269742316
C  37  1  0  103.703559185,30.9268299665 103.703541232,30.9267229051 103.704349699,30.9268176992 103.704371946,30.9268953289
C  37  2  0  103.703541232,30.9267229051 103.703523012,30.9266151943 103.704330831,30.9267413359 103.704349699,30.9268176992
C  38  0  0  103.704397589,30.9269742316 103.704371946,30.9268953289 103.705238639,30.926798894 103.705261126,30.926874863
C  38  1  0  103.704371946,30.9268953289 103.704349699,30.9268176992 103.705216394,30.926722882 103.705238639,30.926798894
C  38  2  0  103.704349699,30.9268176992 103.704330831,30.9267413359 103.70519422,30.9266468513 103.705216394,30.926722882
C  39  0  0  103.705261126,30.926874863 103.705238639,30.926798894 103.706138438,30.9265132801 103.706160391,30.9266076073
C  39  1  0  103.705238639,30.926798894 103.705216394,30.926722882 103.706115661,30.9264201204 103.706138438,30.9265132801
C  39  2  0  103.705216394,30.926722882 103.70519422,30.9266468513 103.706091897,30.9263277086 103.706115661,30.9264201204
C  40  0  0  103.706160391,30.9266076073 103.706138438,30.9265132801 103.707056865,30.9261362244 103.707069587,30.9262277185
C  40  1  0  103.706138438,30.9265132801 103.706115661,30.9264201204 103.70704394,30.9260446468 103.707056865,30.9261362244
C  40  2  0  103.706115661,30.9264201204 103.706091897,30.9263277086 103.707030808,30.9259529624 103.70704394,30.9260446468
C  41  0  0  103.707069587,30.9262277185 103.707056865,30.9261362244 103.707956524,30.9258782507 103.707976483,30.9259734187
C  41  1  0  103.707056865,30.9261362244 103.70704394,30.9260446468 103.707936472,30.9257830926 103.707956524,30.9258782507
C  41  2  0  103.70704394,30.9260446468 103.707030808,30.9259529624 103.707916463,30.9256879394 103.707936472,30.9257830926
C  42  0  0  103.707976483,30.9259734187 103.707956524,30.9258782507 103.708938684,30.925888002 103.708943678,30.9259888741
C  42  1  0  103.707956524,30.9258782507 103.707936472,30.9257830926 103.708932385,30.9257879533 103.708938684,30.925888002
C  42  2  0  103.707936472,30.9257830926 103.707916463,30.9256879394 103.708924782,30.9256884032 103.708932385,30.9257879533
C  43  0  0  103.708943678,30.9259888741 103.708938684,30.925888002 103.709834355,30.9259232178 103.70983716,30.9260316803
C  43  1  0  103.708938684,30.925888002 103.708932385,30.9257879533 103.709833213,30.9258167712 103.709834355,30.9259232178
C  43  2  0  103.708932385,30.9257879533 103.708924782,30.9256884032 103.709833676,30.9257113301 103.709833213,30.9258167712
C  44  0  0  103.70983716,30.9260316803 103.709834355,30.9259232178 103.710431242,30.9258677237 103.710444454,30.9259583426
C  44  1  0  103.709834355,30.9259232178 103.709833213,30.9258167712 103.710417934,30.9257771299 103.710431242,30.9258677237
C  44  2  0  103.709833213,30.9258167712 103.709833676,30.9257113301 103.710405015,30.9256865326 103.710417934,30.9257771299
C  45  0  0  103.710444454,30.9259583426 103.710431242,30.9258677237 103.710730597,30.9258304928 103.710762565,30.9258975553
C  45  1  0  103.710431242,30.9258677237 103.710417934,30.9257771299 103.710698311,30.9257581946 103.710730597,30.9258304928
C  45  2  0  103.710417934,30.9257771299 103.710405015,30.9256865326 103.710665891,30.9256854837 103.710698311,30.9257581946
C  46  0  0  103.710762565,30.9258975553 103.710730597,30.9258304928 103.710945775,30.9258182022 103.710994572,30.9259078706
C  46  1  0  103.710730597,30.9258304928 103.710698311,30.9257581946 103.710894063,30.9257331751 103.710945775,30.9258182022
C  46  2  0  103.710698311,30.9257581946 103.710665891,30.9256854837 103.710838141,30.9256521556 103.710894063,30.9257331751
C  47  0  0  103.710994572,30.9259078706 103.710945775,30.9258182022 103.711156386,30.9256787149 103.711218324,30.9257506637
C  47  1  0  103.710945775,30.9258182022 103.710894063,30.9257331751 103.711094363,30.9256068621 103.711156386,30.9256787149
C  47  2  0  103.710894063,30.9257331751 103.710838141,30.9256521556 103.711032306,30.9255350505 103.711094363,30.9256068621
C  48  0  0  103.711218324,30.9257506637 103.711156386,30.9256787149 103.711440562,30.9253487093 103.711509808,30.9254049678
C  48  1  0  103.711156386,30.9256787149 103.711094363,30.9256068621 103.711370662,30.9252921079 103.711440562,30.9253487093
C  48  2  0  103.711094363,30.9256068621 103.711032306,30.9255350505 103.711300676,30.9252355066 103.711370662,30.9252921079
C  49  0  0  103.711509808,30.9254049678 103.711440562,30.9253487093 103.711739521,30.9248770729 103.711820471,30.9249288423
C  49  1  0  103.711440562,30.9253487093 103.711370662,30.9252921079 103.711657165,30.9248256863 103.711739521,30.9248770729
C  49  2  0  103.711370662,30.9252921079 103.711300676,30.9252355066 103.711573492,30.9247746869 103.711657165,30.9248256863
C  50  0  0  103.711820471,30.9249288423 103.711739521,30.9248770729 103.711971557,30.9244105154 103.712057282,30.924465228
C  50  1  0  103.711739521,30.9248770729 103.711657165,30.9248256863 103.711885838,30.9243557995 103.711971557,30.9244105154
C  50  2  0  103.711657165,30.9248256863 103.711573492,30.9247746869 103.711800147,30.9243010204 103.711885838,30.9243557995
C  51  0  0  103.712057282,30.924465228 103.711971557,30.9244105154 103.712330058,30.9241083001 103.712439018,30.9241819997
C  51  1  0  103.711971557,30.9244105154 103.711885838,30.9243557995 103.71222283,30.9240383762 103.712330058,30.9241083001
C  51  2  0  103.711885838,30.9243557995 103.711800147,30.9243010204 103.712111562,30.9239676464 103.71222283,30.9240383762
C  52  0  0  103.712439018,30.9241819997 103.712330058,30.9241083001 103.712633406,30.9237942814 103.712733202,30.923846919
C  52  1  0  103.712330058,30.9241083001 103.71222283,30.9240383762 103.712540448,30.923736319 103.712633406,30.9237942814
C  52  2  0  103.71222283,30.9240383762 103.712111562,30.9239676464 103.712452269,30.9236713356 103.712540448,30.923736319
C  53  0  0  103.712733202,30.923846919 103.712633406,30.9237942814 103.71296875,30.9234464506 103.713040481,30.923488081
C  53  1  0  103.712633406,30.9237942814 103.712540448,30.923736319 103.712896888,30.9234049371 103.71296875,30.9234464506
C  53  2  0  103.712540448,30.923736319 103.712452269,30.9236713356 103.712825027,30.9233634354 103.712896888,30.9234049371
C  54  0  0  103.713040481,30.923488081 103.71296875,30.9234464506 103.713340523,30.9230164479 103.713431561,30.9230627211
C  54  1  0  103.71296875,30.9234464506 103.712896888,30.9234049371 103.713252757,30.922967529 103.713340523,30.9230164479
C  54  2  0  103.712896888,30.9234049371 103.712825027,30.9233634354 103.713167234,30.9229157377 103.713252757,30.922967529
C  55  0  0  103.713431561,30.9230627211 103.713340523,30.9230164479 103.713757544,30.9225659583 103.713804518,30.9225910535
C  55  1  0  103.713340523,30.9230164479 103.713252757,30.922967529 103.713710047,30.9225402286 103.713757544,30.9225659583
C  55  2  0  103.713252757,30.922967529 103.713167234,30.9229157377 103.71366271,30.9225146458 103.713710047,30.9225402286
C  56  0  0  103.713804518,30.9225910535 103.713757544,30.9225659583 103.714159144,30.9223531626 103.714227971,30.9224178491
C  56  1  0  103.713757544,30.9225659583 103.713710047,30.9225402286 103.714090271,30.9222884699 103.714159144,30.9223531626
C  56  2  0  103.713710047,30.9225402286 103.71366271,30.9225146458 103.714021175,30.9222239306 103.714090271,30.9222884699
C  57  0  0  103.714227971,30.9224178491 103.714159144,30.9223531626 103.714368672,30.9222313071 103.714445214,30.9223048309
C  57  1  0  103.714159144,30.9223531626 103.714090271,30.9222884699 103.714296968,30.9221634169 103.714368672,30.9222313071
C  57  2  0  103.714090271,30.9222884699 103.714021175,30.9222239306 103.714222094,30.922093151 103.714296968,30.9221634169
C  58  0  0  103.714445214,30.9223048309 103.714368672,30.9222313071 103.714506737,30.92214441 103.714595247,30.9222032147
C  58  1  0  103.714368672,30.9222313071 103.714296968,30.9221634169 103.714436355,30.9220816597 103.714506737,30.92214441
C  58  2  0  103.714296968,30.9221634169 103.714222094,30.922093151 103.714376769,30.9220083155 103.714436355,30.9220816597
C  59  0  0  103.714595247,30.9222032147 103.714506737,30.92214441 103.714710725,30.9219563417 103.714752206,30.9219921276
C  59  1  0  103.714506737,30.92214441 103.714436355,30.9220816597 103.714669203,30.9219205486 103.714710725,30.9219563417
C  59  2  0  103.714436355,30.9220816597 103.714376769,30.9220083155 103.714627489,30.9218848446 103.714669203,30.9219205486
C  60  0  0  103.714752206,30.9219921276 103.714710725,30.9219563417 103.715507776,30.9216662957 103.715557186,30.9217298264
C  60  1  0  103.714710725,30.9219563417 103.714669203,30.9219205486 103.715459068,30.9216040194 103.715507776,30.9216662957
C  60  2  0  103.714669203,30.9219205486 103.714627489,30.9218848446 103.715410858,30.9215426143 103.715459068,30.9216040194
C  61  0  0  103.715557186,30.9217298264 103.715507776,30.9216662957 103.716812874,30.9211285081 103.716827041,30.9211786741
C  61  1  0  103.715507776,30.9216662957 103.715459068,30.9216040194 103.716799167,30.9210786133 103.716812874,30.9211285081
C  61  2  0  103.715459068,30.9216040194 103.715410858,30.9215426143 103.716785943,30.9210290675 103.716799167,30.9210786133
C  62  0  0  103.716827041,30.9211786741 103.716812874,30.9211285081 103.717956341,30.920819537 103.717982117,30.9208851187
C  62  1  0  103.716812874,30.9211285081 103.716799167,30.9210786133 103.717930562,30.9207539569 103.717956341,30.920819537
C  62  2  0  103.716799167,30.9210786133 103.716785943,30.9210290675 103.717904778,30.9206884006 103.717930562,30.9207539569
C  63  0  0  103.717982117,30.9208851187 103.717956341,30.920819537 103.718566876,30.9206817334 103.718621406,30.9207900991
C  63  1  0  103.717956341,30.920819537 103.717930562,30.9207539569 103.718510695,30.9205779989 103.718566876,30.9206817334
C  63  2  0  103.717930562,30.9207539569 103.717904778,30.9206884006 103.718448652,30.9204706137 103.718510695,30.9205779989
C  64  0  0  103.718621406,30.9207900991 103.718566876,30.9206817334 103.718991545,30.9205070372 103.719059773,30.9205763759
C  64  1  0  103.718566876,30.9206817334 103.718510695,30.9205779989 103.718932652,30.9204348619 103.718991545,30.9205070372
C  64  2  0  103.718510695,30.9205779989 103.718448652,30.9204706137 103.718883052,30.9203586909 103.718932652,30.9204348619
C  65  0  0  103.719059773,30.9205763759 103.718991545,30.9205070372 103.71928338,30.9202330583 103.719337247,30.9202872412
C  65  1  0  103.718991545,30.9205070372 103.718932652,30.9204348619 103.71922956,30.9201787827 103.71928338,30.9202330583
C  65  2  0  103.718932652,30.9204348619 103.718883052,30.9203586909 103.719175911,30.9201244898 103.71922956,30.9201787827
C  66  0  0  103.719337247,30.9202872412 103.71928338,30.9202330583 103.719458887,30.9199939188 103.719507188,30.9200350822
C  66  1  0  103.71928338,30.9202330583 103.71922956,30.9201787827 103.719405899,30.9199528206 103.719458887,30.9199939188
C  66  2  0  103.71922956,30.9201787827 103.719175911,30.9201244898 103.719351029,30.9199131906 103.719405899,30.9199528206
C  67  0  0  103.719507188,30.9200350822 103.719458887,30.9199939188 103.719620858,30.9197970559 103.719694104,30.9198504665
C  67  1  0  103.719458887,30.9199939188 103.719405899,30.9199528206 103.719539859,30.9197515442 103.719620858,30.9197970559
C  67  2  0  103.719405899,30.9199528206 103.719351029,30.9199131906 103.719454565,30.9197151114 103.719539859,30.9197515442
C  68  0  0  103.719694104,30.9198504665 103.719620858,30.9197970559 103.719746562,30.9194779806 103.719857616,30.9195199232
C  68  1  0  103.719620858,30.9197970559 103.719539859,30.9197515442 103.719635467,30.9194361589 103.719746562,30.9194779806
C  68  2  0  103.719539859,30.9197515442 103.719454565,30.9197151114 103.719524382,30.919394289 103.719635467,30.9194361589
C  69  0  0  103.719857616,30.9195199232 103.719746562,30.9194779806 103.719966061,30.9186882323 103.720056176,30.9187205684
C  69  1  0  103.719746562,30.9194779806 103.719635467,30.9194361589 103.719876276,30.918653543 103.719966061,30.9186882323
C  69  2  0  103.719635467,30.9194361589 103.719524382,30.919394289 103.719787063,30.918616551 103.719876276,30.918653543
C  70  0  0  103.720056176,30.9187205684 103.719966061,30.9186882323 103.720634176,30.9175189696 103.720703263,30.9175519942
C  70  1  0  103.719966061,30.9186882323 103.719876276,30.918653543 103.720565581,30.9174847906 103.720634176,30.9175189696
C  70  2  0  103.719876276,30.918653543 103.719787063,30.918616551 103.720497607,30.9174495025 103.720565581,30.9174847906
C  71  0  0  103.720703263,30.9175519942 103.720634176,30.9175189696 103.721404211,30.9165716791 103.721458727,30.9166039321
C  71  1  0  103.720634176,30.9175189696 103.720565581,30.9174847906 103.721349631,30.9165395084 103.721404211,30.9165716791
C  71  2  0  103.720565581,30.9174847906 103.720497607,30.9174495025 103.721295342,30.9165070127 103.721349631,30.9165395084
C  72  0  0  103.721458727,30.9166039321 103.721404211,30.9165716791 103.721887745,30.9160105444 103.72194499,30.9160518079
C  72  1  0  103.721404211,30.9165716791 103.721349631,30.9165395084 103.721830369,30.9159696047 103.721887745,30.9160105444
C  72  2  0  103.721349631,30.9165395084 103.721295342,30.9165070127 103.721772953,30.915929046 103.721830369,30.9159696047
C  73  0  0  103.72194499,30.9160518079 103.721887745,30.9160105444 103.722281998,30.9155060067 103.722337601,30.9155440164
C  73  1  0  103.721887745,30.9160105444 103.721830369,30.9159696047 103.722224936,30.9154693572 103.722281998,30.9155060067
C  73  2  0  103.721830369,30.9159696047 103.721772953,30.915929046 103.722166831,30.9154343523 103.722224936,30.9154693572
C  74  0  0  103.722337601,30.9155440164 103.722281998,30.9155060067 103.722731106,30.9149984979 103.722813415,30.9150486204
C  74  1  0  103.722281998,30.9155060067 103.722224936,30.9154693572 103.722648862,30.9149482531 103.722731106,30.9149984979
C  74  2  0  103.722224936,30.9154693572 103.722166831,30.9154343523 103.722566488,30.9148981978 103.722648862,30.9149482531
C  75  0  0  103.722813415,30.9150486204 103.722731106,30.9149984979 103.722992993,30.9142850427 103.723060327,30.9143354994
C  75  1  0  103.722731106,30.9149984979 103.722648862,30.9149482531 103.72292516,30.9142333198 103.722992993,30.9142850427
C  75  2  0  103.722648862,30.9149482531 103.722566488,30.9148981978 103.722857108,30.9141803902 103.72292516,30.9142333198
C  76  0  0  103.723060327,30.9143354994 103.722992993,30.9142850427 103.723291143,30.9134739057 103.72336485,30.9135047757
C  76  1  0  103.722992993,30.9142850427 103.72292516,30.9142333198 103.723216553,30.9134426515 103.723291143,30.9134739057
C  76  2  0  103.72292516,30.9142333198 103.722857108,30.9141803902 103.723141207,30.9134110445 103.723216553,30.9134426515
C  77  0  0  103.72336485,30.9135047757 103.723291143,30.9134739057 103.72357949,30.9127982696 103.723655204,30.9128299081
C  77  1  0  103.723291143,30.9134739057 103.723216553,30.9134426515 103.723503842,30.9127665878 103.72357949,30.9127982696
C  77  2  0  103.723216553,30.9134426515 103.723141207,30.9134110445 103.723428436,30.912734379 103.723503842,30.9127665878
C  78  0  0  103.723655204,30.9128299081 103.72357949,30.9127982696 103.723818504,30.9123509874 103.723887355,30.9123969106
C  78  1  0  103.72357949,30.9127982696 103.723503842,30.9127665878 103.723750372,30.912305811 103.723818504,30.9123509874
C  78  2  0  103.723503842,30.9127665878 103.723428436,30.912734379 103.723682757,30.9122612292 103.723750372,30.912305811
C  79  0  0  103.723887355,30.9123969106 103.723818504,30.9123509874 103.724164577,30.9120683678 103.724216505,30.9121290097
C  79  1  0  103.723818504,30.9123509874 103.723750372,30.912305811 103.724114054,30.9120091504 103.724164577,30.9120683678
C  79  2  0  103.723750372,30.912305811 103.723682757,30.9122612292 103.724064678,30.9119511291 103.724114054,30.9120091504
C  80  0  0  103.724216505,30.9121290097 103.724164577,30.9120683678 103.72480271,30.9117830213 103.724827776,30.9118493022
C  80  1  0  103.724164577,30.9120683678 103.724114054,30.9120091504 103.724778018,30.911716613 103.72480271,30.9117830213
C  80  2  0  103.724114054,30.9120091504 103.724064678,30.9119511291 103.724753658,30.9116500844 103.724778018,30.911716613
C  81  0  0  103.724827776,30.9118493022 103.72480271,30.9117830213 103.726492743,30.9110574743 103.726517227,30.911132477
C  81  1  0  103.72480271,30.9117830213 103.724778018,30.911716613 103.72646821,30.9109820645 103.726492743,30.9110574743
C  81  2  0  103.724778018,30.911716613 103.724753658,30.9116500844 103.726443604,30.9109061846 103.72646821,30.9109820645
C  82  0  0  103.726517227,30.911132477 103.726492743,30.9110574743 103.728985658,30.9096669613 103.729038185,30.9097132867
C  82  1  0  103.726492743,30.9110574743 103.72646821,30.9109820645 103.728933034,30.9096203304 103.728985658,30.9096669613
C  82  2  0  103.72646821,30.9109820645 103.726443604,30.9109061846 103.728880315,30.9095733836 103.728933034,30.9096203304
C  83  0  0  103.729038185,30.9097132867 103.728985658,30.9096669613 103.730676544,30.9083867606 103.7307344,30.9084361291
C  83  1  0  103.728985658,30.9096669613 103.728933034,30.9096203304 103.730618662,30.9083374061 103.730676544,30.9083867606
C  83  2  0  103.728933034,30.9096203304 103.728880315,30.9095733836 103.730560741,30.9082880823 103.730618662,30.9083374061
C  84  0  0  103.7307344,30.9084361291 103.730676544,30.9083867606 103.731602634,30.9079535408 103.731698447,30.908009426
C  84  1  0  103.730676544,30.9083867606 103.730618662,30.9083374061 103.731507513,30.907900078 103.731602634,30.9079535408
C  84  2  0  103.730618662,30.9083374061 103.730560741,30.9082880823 103.731412694,30.9078484466 103.731507513,30.907900078
C  85  0  0  103.731698447,30.908009426 103.731602634,30.9079535408 103.732327313,30.907628842 103.732385852,30.9076912602
C  85  1  0  103.731602634,30.9079535408 103.731507513,30.907900078 103.732270414,30.9075672645 103.732327313,30.907628842
C  85  2  0  103.731507513,30.907900078 103.731412694,30.9078484466 103.732215053,30.9075065247 103.732270414,30.9075672645
C  86  0  0  103.732385852,30.9076912602 103.732327313,30.907628842 103.732919493,30.9073655971 103.732956871,30.9074371855
C  86  1  0  103.732327313,30.907628842 103.732270414,30.9075672645 103.732882014,30.9072940546 103.732919493,30.9073655971
C  86  2  0  103.732270414,30.9075672645 103.732215053,30.9075065247 103.732845216,30.907222211 103.732882014,30.9072940546
C  87  0  0  103.732956871,30.9074371855 103.732919493,30.9073655971 103.733319625,30.9071820045 103.733349299,30.9072577826
C  87  1  0  103.732919493,30.9073655971 103.732882014,30.9072940546 103.733289611,30.9071068578 103.733319625,30.9071820045
C  87  2  0  103.732882014,30.9072940546 103.732845216,30.907222211 103.733259178,30.9070320055 103.733289611,30.9071068578
C  88  0  0  103.733349299,30.9072577826 103.733319625,30.9071820045 103.733635762,30.907041234 103.733664114,30.9071193071
C  88  1  0  103.733319625,30.9071820045 103.733289611,30.9071068578 103.733608152,30.9069628413 103.733635762,30.907041234
C  88  2  0  103.733289611,30.9071068578 103.733259178,30.9070320055 103.733581012,30.9068834368 103.733608152,30.9069628413
C  89  0  0  103.733664114,30.9071193071 103.733635762,30.907041234 103.734149174,30.9068955239 103.734171339,30.9069681385
C  89  1  0  103.733635762,30.907041234 103.733608152,30.9069628413 103.734126788,30.9068229443 103.734149174,30.9068955239
C  89  2  0  103.733608152,30.9069628413 103.733581012,30.9068834368 103.734104601,30.9067503384 103.734126788,30.9068229443
C  90  0  0  103.734171339,30.9069681385 103.734149174,30.9068955239 103.735635791,30.9066316258 103.735653898,30.9067030589
C  90  1  0  103.734149174,30.9068955239 103.734126788,30.9068229443 103.735618028,30.9065598298 103.735635791,30.9066316258
C  90  2  0  103.734126788,30.9068229443 103.734104601,30.9067503384 103.735600624,30.906487721 103.735618028,30.9065598298
C  91  0  0  103.735653898,30.9067030589 103.735635791,30.9066316258 103.738005078,30.9060460805 103.738034714,30.9061047853
C  91  1  0  103.735635791,30.9066316258 103.735618028,30.9065598298 103.737974595,30.9059872839 103.738005078,30.9060460805
C  91  2  0  103.735618028,30.9065598298 103.735600624,30.906487721 103.737943291,30.9059285152 103.737974595,30.9059872839
C  92  0  0  103.738034714,30.9061047853 103.738005078,30.9060460805 103.73974922,30.9055882337 103.739803916,30.9056733064
C  92  1  0  103.738005078,30.9060460805 103.737974595,30.9059872839 103.739694363,30.9055032358 103.73974922,30.9055882337
C  92  2  0  103.737974595,30.9059872839 103.737943291,30.9059285152 103.739639348,30.9054183084 103.739694363,30.9055032358
C  93  0  0  103.739803916,30.9056733064 103.73974922,30.9055882337 103.740481378,30.9052269241 103.740549361,30.905327786
C  93  1  0  103.73974922,30.9055882337 103.739694363,30.9055032358 103.740416324,30.9051309914 103.740481378,30.9052269241
C  93  2  0  103.739694363,30.9055032358 103.739639348,30.9054183084 103.740353248,30.9050389767 103.740416324,30.9051309914
C  94  0  0  103.740549361,30.905327786 103.740481378,30.9052269241 103.74092864,30.9048261572 103.741006462,30.9049086251
C  94  1  0  103.740481378,30.9052269241 103.740416324,30.9051309914 103.740854694,30.9047444078 103.74092864,30.9048261572
C  94  2  0  103.740416324,30.9051309914 103.740353248,30.9050389767 103.740784136,30.9046629471 103.740854694,30.9047444078
C  95  0  0  103.741006462,30.9049086251 103.74092864,30.9048261572 103.741289698,30.9044603135 103.741343291,30.9045486508
C  95  1  0  103.74092864,30.9048261572 103.740854694,30.9047444078 103.741236243,30.9043718934 103.741289698,30.9044603135
C  95  2  0  103.740854694,30.9047444078 103.740784136,30.9046629471 103.741182768,30.9042834511 103.741236243,30.9043718934
C  96  0  0  103.741343291,30.9045486508 103.741289698,30.9044603135 103.741828503,30.904192443 103.741912653,30.9042893213
C  96  1  0  103.741289698,30.9044603135 103.741236243,30.9043718934 103.741732614,30.9040912304 103.741828503,30.904192443
C  96  2  0  103.741236243,30.9043718934 103.741182768,30.9042834511 103.741618721,30.9039786921 103.741732614,30.9040912304
C  97  0  0  103.741912653,30.9042893213 103.741828503,30.904192443 103.742317475,30.9039434791 103.742428357,30.9040096452
C  97  1  0  103.741828503,30.904192443 103.741732614,30.9040912304 103.742206098,30.9038685517 103.742317475,30.9039434791
C  97  2  0  103.741732614,30.9040912304 103.741618721,30.9039786921 103.742091484,30.9037809738 103.742206098,30.9038685517
C  98  0  0  103.742428357,30.9040096452 103.742317475,30.9039434791 103.742857629,30.9035742175 103.742977926,30.9036143077
C  98  1  0  103.742317475,30.9039434791 103.742206098,30.9038685517 103.742737471,30.9035339842 103.742857629,30.9035742175
C  98  2  0  103.742206098,30.9038685517 103.742091484,30.9037809738 103.742617442,30.9034936164 103.742737471,30.9035339842
C  99  0  0  103.742977926,30.9036143077 103.742857629,30.9035742175 103.743301814,30.9027097703 103.743429707,30.9027197998
C  99  1  0  103.742857629,30.9035742175 103.742737471,30.9035339842 103.743176733,30.9027001973 103.743301814,30.9027097703
C  99  2  0  103.742737471,30.9035339842 103.742617442,30.9034936164 103.743054182,30.9026910612 103.743176733,30.9027001973
C  100  0  0  103.743429707,30.9027197998 103.743301814,30.9027097703 103.743617806,30.9016072716 103.743740436,30.9016315058
C  100  1  0  103.743301814,30.9027097703 103.743176733,30.9027001973 103.743497879,30.9015813908 103.743617806,30.9016072716
C  100  2  0  103.743176733,30.9027001973 103.743054182,30.9026910612 103.74337986,30.9015538461 103.743497879,30.9015813908
C  101  0  0  103.743740436,30.9016315058 103.743617806,30.9016072716 103.743786908,30.9008898084 103.743875163,30.9009305842
C  101  1  0  103.743617806,30.9016072716 103.743497879,30.9015813908 103.743698585,30.9008491365 103.743786908,30.9008898084
C  101  2  0  103.743497879,30.9015813908 103.74337986,30.9015538461 103.743610405,30.9008079936 103.743698585,30.9008491365
C  102  0  0  103.743875163,30.9009305842 103.743786908,30.9008898084 103.743840056,30.9005793563 103.743897517,30.9006164863
C  102  1  0  103.743786908,30.9008898084 103.743698585,30.9008491365 103.743779985,30.9005385392 103.743840056,30.9005793563
C  102  2  0  103.743698585,30.9008491365 103.743610405,30.9008079936 103.74372113,30.9004950334 103.743779985,30.9005385392
C  103  0  0  103.743897517,30.9006164863 103.743840056,30.9005793563 103.74394978,30.9003663567 103.744011313,30.9004133442
C  103  1  0  103.743840056,30.9005793563 103.743779985,30.9005385392 103.743882546,30.900322193 103.74394978,30.9003663567
C  103  2  0  103.743779985,30.9005385392 103.74372113,30.9004950334 103.743812547,30.9002817046 103.743882546,30.900322193
C  104  0  0  103.744011313,30.9004133442 103.74394978,30.9003663567 103.744130953,30.9001461568 103.744203192,30.9002017074
C  104  1  0  103.74394978,30.9003663567 103.743882546,30.900322193 103.744058606,30.9000906171 103.744130953,30.9001461568
C  104  2  0  103.743882546,30.900322193 103.743812547,30.9002817046 103.743986251,30.9000350883 103.744058606,30.9000906171
C  105  0  0  103.744203192,30.9002017074 103.744130953,30.9001461568 103.744537784,30.899839634 103.744580423,30.8998902728
C  105  1  0  103.744130953,30.9001461568 103.744058606,30.9000906171 103.744494817,30.8997892529 103.744537784,30.899839634
C  105  2  0  103.744058606,30.9000906171 103.743986251,30.9000350883 103.744452187,30.8997398058 103.744494817,30.8997892529
C  106  0  0  103.744580423,30.8998902728 103.744537784,30.899839634 103.745157453,30.8996008234 103.745187924,30.8996856731
C  106  1  0  103.744537784,30.899839634 103.744494817,30.8997892529 103.745125527,30.8995180732 103.745157453,30.8996008234
C  106  2  0  103.744494817,30.8997892529 103.744452187,30.8997398058 103.74509214,30.8994366396 103.745125527,30.8995180732
C  107  0  0  103.745187924,30.8996856731 103.745157453,30.8996008234 103.745783298,30.8994960954 103.745805569,30.8995715948
C  107  1  0  103.745157453,30.8996008234 103.745125527,30.8995180732 103.745760943,30.899420635 103.745783298,30.8994960954
C  107  2  0  103.745125527,30.8995180732 103.74509214,30.8994366396 103.745738644,30.8993451309 103.745760943,30.899420635
C  108  0  0  103.745805569,30.8995715948 103.745783298,30.8994960954 103.746248104,30.899245778 103.746271705,30.8993056731
C  108  1  0  103.745783298,30.8994960954 103.745760943,30.899420635 103.746226672,30.8991834909 103.746248104,30.899245778
C  108  2  0  103.745760943,30.899420635 103.745738644,30.8993451309 103.746207751,30.8991190026 103.746226672,30.8991834909
C  109  0  0  103.746271705,30.8993056731 103.746248104,30.899245778 103.746626947,30.898926377 103.746651445,30.8989711212
C  109  1  0  103.746248104,30.899245778 103.746226672,30.8991834909 103.746602214,30.8988804023 103.746626947,30.898926377
C  109  2  0  103.746226672,30.8991834909 103.746207751,30.8991190026 103.746577513,30.8988334078 103.746602214,30.8988804023
C  110  0  0  103.746651445,30.8989711212 103.746626947,30.898926377 103.747050876,30.8985701806 103.747089495,30.8986118848
C  110  1  0  103.746626947,30.898926377 103.746602214,30.8988804023 103.747012165,30.8985285428 103.747050876,30.8985701806
C  110  2  0  103.746602214,30.8988804023 103.746577513,30.8988334078 103.746973436,30.8984869114 103.747012165,30.8985285428
C  111  0  0  103.747089495,30.8986118848 103.747050876,30.8985701806 103.747638861,30.8982492866 103.747680019,30.898281976
C  111  1  0  103.747050876,30.8985701806 103.747012165,30.8985285428 103.747597324,30.898216313 103.747638861,30.8982492866
C  111  2  0  103.747012165,30.8985285428 103.746973436,30.8984869114 103.74755551,30.89818319 103.747597324,30.898216313
C  112  0  0  103.747680019,30.898281976 103.747638861,30.8982492866 103.748335904,30.8979459291 103.748384473,30.8979839315
C  112  1  0  103.747638861,30.8982492866 103.747597324,30.898216313 103.74828583,30.8979086691 103.748335904,30.8979459291
C  112  2  0  103.747597324,30.898216313 103.74755551,30.89818319 103.748234379,30.8978723214 103.74828583,30.8979086691
C  113  0  0  103.748384473,30.8979839315 103.748335904,30.8979459291 103.749016379,30.8974837067 103.749079302,30.897529106
C  113  1  0  103.748335904,30.8979459291 103.74828583,30.8979086691 103.748953318,30.897438433 103.749016379,30.8974837067
C  113  2  0  103.74828583,30.8979086691 103.748234379,30.8978723214 103.74889025,30.8973931825 103.748953318,30.897438433
C  114  0  0  103.749079302,30.897529106 103.749016379,30.8974837067 103.749456962,30.8966803313 103.749531576,30.8967252654
C  114  1  0  103.749016379,30.8974837067 103.748953318,30.897438433 103.749383326,30.8966352126 103.749456962,30.8966803313
C  114  2  0  103.748953318,30.897438433 103.74889025,30.8973931825 103.749310434,30.896589844 103.749383326,30.8966352126
C  115  0  0  103.749531576,30.8967252654 103.749456962,30.8966803313 103.749714868,30.8956937453 103.7497732,30.895730363
C  115  1  0  103.749456962,30.8966803313 103.749383326,30.8966352126 103.749656793,30.8956560887 103.749714868,30.8956937453
C  115  2  0  103.749383326,30.8966352126 103.749310434,30.896589844 103.749599003,30.8956173932 103.749656793,30.8956560887
C  116  0  0  103.7497732,30.895730363 103.749714868,30.8956937453 103.750072926,30.894819423 103.750125563,30.8948566573
C  116  1  0  103.749714868,30.8956937453 103.749656793,30.8956560887 103.750020295,30.8947821653 103.750072926,30.894819423
C  116  2  0  103.749656793,30.8956560887 103.749599003,30.8956173932 103.749967644,30.8947449286 103.750020295,30.8947821653
C  117  0  0  103.750125563,30.8948566573 103.750072926,30.894819423 103.750738893,30.8943440454 103.750792138,30.8944000059
C  117  1  0  103.750072926,30.894819423 103.750020295,30.8947821653 103.750685325,30.8942898856 103.750738893,30.8943440454
C  117  2  0  103.750020295,30.8947821653 103.749967644,30.8947449286 103.7506313,30.8942373878 103.750685325,30.8942898856
C  118  0  0  103.750792138,30.8944000059 103.750738893,30.8943440454 103.751478374,30.894055092 103.751517291,30.8941196716
C  118  1  0  103.750738893,30.8943440454 103.750685325,30.8942898856 103.751438793,30.8939922873 103.751478374,30.894055092
C  118  2  0  103.750685325,30.8942898856 103.7506313,30.8942373878 103.751398597,30.893931316 103.751438793,30.8939922873
C  119  0  0  103.751517291,30.8941196716 103.751478374,30.894055092 103.752286115,30.8938257168 103.752306342,30.8939083972
C  119  1  0  103.751478374,30.894055092 103.751438793,30.8939922873 103.752265843,30.8937430375 103.752286115,30.8938257168
C  119  2  0  103.751438793,30.8939922873 103.751398597,30.893931316 103.752245557,30.8936603567 103.752265843,30.8937430375
C  120  0  0  103.752306342,30.8939083972 103.752286115,30.8938257168 103.753308258,30.8937647733 103.753335848,30.8938326219
C  120  1  0  103.752286115,30.8938257168 103.752265843,30.8937430375 103.753281922,30.8936950692 103.753308258,30.8937647733
C  120  2  0  103.752265843,30.8937430375 103.752245557,30.8936603567 103.753256911,30.8936235477 103.753281922,30.8936950692
C  121  0  0  103.753335848,30.8938326219 103.753308258,30.8937647733 103.754393438,30.8937387242 103.754454902,30.8937865194
C  121  1  0  103.753308258,30.8937647733 103.753281922,30.8936950692 103.754331541,30.8936901498 103.754393438,30.8937387242
C  121  2  0  103.753281922,30.8936950692 103.753256911,30.8936235477 103.754269266,30.8936410531 103.754331541,30.8936901498
C  122  0  0  103.754454902,30.8937865194 103.754393438,30.8937387242 103.755397849,30.8933086921 103.755478847,30.8933533988
C  122  1  0  103.754393438,30.8937387242 103.754331541,30.8936901498 103.755316971,30.8932638338 103.755397849,30.8933086921
C  122  2  0  103.754331541,30.8936901498 103.754269266,30.8936410531 103.755236173,30.8932189369 103.755316971,30.8932638338
C  123  0  0  103.755478847,30.8933533988 103.755397849,30.8933086921 103.755995546,30.8924370433 103.756084793,30.8924672083
C  123  1  0  103.755397849,30.8933086921 103.755316971,30.8932638338 103.755908296,30.8924079203 103.755995546,30.8924370433
C  123  2  0  103.755316971,30.8932638338 103.755236173,30.8932189369 103.755823197,30.8923799295 103.755908296,30.8924079203
C  124  0  0  103.756084793,30.8924672083 103.755995546,30.8924370433 103.755755258,30.8914433891 103.75586535,30.8914365249
C  124  1  0  103.755995546,30.8924370433 103.755908296,30.8924079203 103.755646304,30.891450513 103.755755258,30.8914433891
C  124  2  0  103.755908296,30.8924079203 103.755823197,30.8923799295 103.755537936,30.8914580223 103.755646304,30.891450513
C  125  0  0  103.75586535,30.8914365249 103.755755258,30.8914433891 103.755405258,30.8903714573 103.755499895,30.8903846655
C  125  1  0  103.755755258,30.8914433891 103.755646304,30.891450513 103.755310624,30.8903582816 103.755405258,30.8903714573
C  125  2  0  103.755646304,30.891450513 103.755537936,30.8914580223 103.755215944,30.8903451625 103.755310624,30.8903582816
C  126  0  0  103.755499895,30.8903846655 103.755405258,30.8903714573 103.756080379,30.8889398334 103.756149495,30.8889351274
C  126  1  0  103.755405258,30.8903714573 103.755310624,30.8903582816 103.756011588,30.8889441639 103.756080379,30.8889398334
C  126  2  0  103.755310624,30.8903582816 103.755215944,30.8903451625 103.755943121,30.8889481433 103.756011588,30.8889441639
C  127  0  0  103.756149495,30.8889351274 103.756080379,30.8889398334 103.756933304,30.8874029374 103.757016261,30.8874020309
C  127  1  0  103.756080379,30.8889398334 103.756011588,30.8889441639 103.756850753,30.887403923 103.756933304,30.8874029374
C  127  2  0  103.756011588,30.8889441639 103.755943121,30.8889481433 103.75676845,30.8874049709 103.756850753,30.887403923
C  128  0  0  103.757016261,30.8874020309 103.756933304,30.8874029374 103.757473418,30.8861814167 103.757530886,30.8861974895
C  128  1  0  103.756933304,30.8874029374 103.756850753,30.887403923 103.757415912,30.8861654026 103.757473418,30.8861814167
C  128  2  0  103.756850753,30.887403923 103.75676845,30.8874049709 103.757358124,30.8861498323 103.757415912,30.8861654026
C  129  0  0  103.757530886,30.8861974895 103.757473418,30.8861814167 103.758089072,30.8855546459 103.758158844,30.8855781676
C  129  1  0  103.757473418,30.8861814167 103.757415912,30.8861654026 103.758016905,30.8855318483 103.758089072,30.8855546459
C  129  2  0  103.757415912,30.8861654026 103.757358124,30.8861498323 103.757942278,30.885509987 103.758016905,30.8855318483
C  130  0  0  103.758158844,30.8855781676 103.758089072,30.8855546459 103.758657979,30.8850816642 103.758754989,30.8850974941
C  130  1  0  103.758089072,30.8855546459 103.758016905,30.8855318483 103.758555623,30.8850665399 103.758657979,30.8850816642
C  130  2  0  103.758016905,30.8855318483 103.757942278,30.885509987 103.758447848,30.8850527657 103.758555623,30.8850665399
C  131  0  0  103.758754989,30.8850974941 103.758657979,30.8850816642 103.759489077,30.8846853277 103.759625919,30.8847225837
C  131  1  0  103.758657979,30.8850816642 103.758555623,30.8850665399 103.759352447,30.8846480299 103.759489077,30.8846853277
C  131  2  0  103.758555623,30.8850665399 103.758447848,30.8850527657 103.759215864,30.8846107179 103.759352447,30.8846480299
C  132  0  0  103.759625919,30.8847225837 103.759489077,30.8846853277 103.759491034,30.8836025784 103.759524056,30.8835841447
C  132  1  0  103.759489077,30.8846853277 103.759352447,30.8846480299 103.759458067,30.8836193918 103.759491034,30.8836025784
C  132  2  0  103.759352447,30.8846480299 103.759215864,30.8846107179 103.75942251,30.8836355161 103.759458067,30.8836193918
C  133  0  0  103.759524056,30.8835841447 103.759491034,30.8836025784 103.759363107,30.8820178821 103.7593947,30.8820108738
C  133  1  0  103.759491034,30.8836025784 103.759458067,30.8836193918 103.75933176,30.8820250821 103.759363107,30.8820178821
C  133  2  0  103.759458067,30.8836193918 103.75942251,30.8836355161 103.75929524,30.8820336233 103.75933176,30.8820250821
C  134  0  0  103.7593947,30.8820108738 103.759363107,30.8820178821 103.759246316,30.8808313614 103.759292459,30.880840404
C  134  1  0  103.759363107,30.8820178821 103.75933176,30.8820250821 103.759200181,30.8808224723 103.759246316,30.8808313614
C  134  2  0  103.75933176,30.8820250821 103.75929524,30.8820336233 103.759147707,30.8808442139 103.759200181,30.8808224723
C  135  0  0  103.759292459,30.880840404 103.759246316,30.8808313614 103.759328091,30.8802336656 103.759359993,30.8802375595
C  135  1  0  103.759246316,30.8808313614 103.759200181,30.8808224723 103.759296092,30.8802294423 103.759328091,30.8802336656
C  135  2  0  103.759200181,30.8808224723 103.759147707,30.8808442139 103.759260734,30.8802241993 103.759296092,30.8802294423
C  136  0  0  103.759359993,30.8802375595 103.759328091,30.8802336656 103.759402648,30.879774917 103.759436248,30.8797883141
C  136  1  0  103.759328091,30.8802336656 103.759296092,30.8802294423 103.759368753,30.8797620604 103.759402648,30.879774917
C  136  2  0  103.759296092,30.8802294423 103.759260734,30.8802241993 103.759333831,30.8797490609 103.759368753,30.8797620604
C  137  0  0  103.759436248,30.8797883141 103.759402648,30.879774917 103.759536824,30.8791165564 103.759577722,30.8791384151
C  137  1  0  103.759402648,30.879774917 103.759368753,30.8797620604 103.759495949,30.8790945823 103.759536824,30.8791165564
C  137  2  0  103.759368753,30.8797620604 103.759333831,30.8797490609 103.759454986,30.8790729995 103.759495949,30.8790945823
C  138  0  0  103.759577722,30.8791384151 103.759536824,30.8791165564 103.760562209,30.8780367976 103.760596172,30.878067713
C  138  1  0  103.759536824,30.8791165564 103.759495949,30.8790945823 103.760527769,30.8780064381 103.760562209,30.8780367976
C  138  2  0  103.759495949,30.8790945823 103.759454986,30.8790729995 103.760492952,30.8779766977 103.760527769,30.8780064381
C  139  0  0  103.760596172,30.878067713 103.760562209,30.8780367976 103.762404761,30.8765278206 103.762454938,30.8765903822
C  139  1  0  103.760562209,30.8780367976 103.760527769,30.8780064381 103.762354875,30.8764658286 103.762404761,30.8765278206
C  139  2  0  103.760527769,30.8780064381 103.760492952,30.8779766977 103.762305187,30.8764043083 103.762354875,30.8764658286
C  140  0  0  103.762454938,30.8765903822 103.762404761,30.8765278206 103.764392786,30.874954199 103.764426473,30.87499569
C  140  1  0  103.762404761,30.8765278206 103.762354875,30.8764658286 103.764358583,30.874913026 103.764392786,30.874954199
C  140  2  0  103.762354875,30.8764658286 103.762305187,30.8764043083 103.764323059,30.8748726622 103.764358583,30.874913026
C  141  0  0  103.764426473,30.87499569 103.764392786,30.874954199 103.766450118,30.8736681374 103.766478207,30.8737011641
C  141  1  0  103.764392786,30.874954199 103.764358583,30.874913026 103.76642227,30.8736349541 103.766450118,30.8736681374
C  141  2  0  103.764358583,30.874913026 103.764323059,30.8748726622 103.766394681,30.8736016352 103.76642227,30.8736349541
C  142  0  0  103.766478207,30.8737011641 103.766450118,30.8736681374 103.768543063,30.8723540246 103.768569536,30.8723790327
C  142  1  0  103.766450118,30.8736681374 103.76642227,30.8736349541 103.768516045,30.8723293507 103.768543063,30.8723540246
C  142  2  0  103.76642227,30.8736349541 103.766394681,30.8736016352 103.768488492,30.8723050299 103.768516045,30.8723293507
C  143  0  0  103.768569536,30.8723790327 103.768543063,30.8723540246 103.77042402,30.8712666037 103.770481214,30.8713366649
C  143  1  0  103.768543063,30.8723540246 103.768516045,30.8723293507 103.770367533,30.8711962586 103.77042402,30.8712666037
C  143  2  0  103.768516045,30.8723293507 103.768488492,30.8723050299 103.770311076,30.8711259069 103.770367533,30.8711962586
C  144  0  0  103.770481214,30.8713366649 103.77042402,30.8712666037 103.77222131,30.8708073308 103.772262347,30.8708956053
C  144  1  0  103.77042402,30.8712666037 103.770367533,30.8711962586 103.772183131,30.8707201247 103.77222131,30.8708073308
C  144  2  0  103.770367533,30.8711962586 103.770311076,30.8711259069 103.772147591,30.8706336836 103.772183131,30.8707201247
C  145  0  0  103.772262347,30.8708956053 103.77222131,30.8708073308 103.773811056,30.8703771884 103.773813883,30.8704265087
C  145  1  0  103.77222131,30.8708073308 103.772183131,30.8707201247 103.773809656,30.8703279008 103.773811056,30.8703771884
C  145  2  0  103.772183131,30.8707201247 103.772147591,30.8706336836 103.773809661,30.8702787415 103.773809656,30.8703279008
C  146  0  0  103.773813883,30.8704265087 103.773811056,30.8703771884 103.775267697,30.8702897014 103.775271632,30.8703470156
C  146  1  0  103.773811056,30.8703771884 103.773809656,30.8703279008 103.775263542,30.8702323595 103.775267697,30.8702897014
C  146  2  0  103.773809656,30.8703279008 103.773809661,30.8702787415 103.775259684,30.8701750597 103.775263542,30.8702323595
C  147  0  0  103.775271632,30.8703470156 103.775267697,30.8702897014 103.776477584,30.8704423232 103.776489875,30.8705367533
C  147  1  0  103.775267697,30.8702897014 103.775263542,30.8702323595 103.776461172,30.8703476012 103.776477584,30.8704423232
C  147  2  0  103.775263542,30.8702323595 103.775259684,30.8701750597 103.776440472,30.8702518661 103.776461172,30.8703476012
C  148  0  0  103.776489875,30.8705367533 103.776477584,30.8704423232 103.777544547,30.870437001 103.777586527,30.870534305
C  148  1  0  103.776477584,30.8704423232 103.776461172,30.8703476012 103.777504304,30.870340459 103.777544547,30.870437001
C  148  2  0  103.776461172,30.8703476012 103.776440472,30.8702518661 103.777465726,30.8702439147 103.777504304,30.870340459
C  149  0  0  103.777586527,30.870534305 103.777544547,30.870437001 103.778567642,30.870042782 103.778615826,30.8701116248
C  149  1  0  103.777544547,30.870437001 103.777504304,30.870340459 103.778519814,30.8699737006 103.778567642,30.870042782
C  149  2  0  103.777504304,30.870340459 103.777465726,30.8702439147 103.778471718,30.8699047656 103.778519814,30.8699737006
C  150  0  0  103.778615826,30.8701116248 103.778567642,30.870042782 103.779578607,30.8693823632 103.779627753,30.8694427388
C  150  1  0  103.778567642,30.870042782 103.778519814,30.8699737006 103.779529559,30.8693236039 103.779578607,30.8693823632
C  150  2  0  103.778519814,30.8699737006 103.778471718,30.8699047656 103.779480698,30.8692665521 103.779529559,30.8693236039
C  151  0  0  103.779627753,30.8694427388 103.779578607,30.8693823632 103.779759323,30.8682772736 103.779851873,30.8683315016
C  151  1  0  103.779578607,30.8693823632 103.779529559,30.8693236039 103.779665784,30.8682227854 103.779759323,30.8682772736
C  151  2  0  103.779529559,30.8693236039 103.779480698,30.8692665521 103.779570611,30.8681678705 103.779665784,30.8682227854
C  152  0  0  103.779851873,30.8683315016 103.779759323,30.8682772736 103.780301804,30.8672699292 103.780364686,30.8673078033
C  152  1  0  103.779759323,30.8682772736 103.779665784,30.8682227854 103.780238807,30.8672321108 103.780301804,30.8672699292
C  152  2  0  103.779665784,30.8682227854 103.779570611,30.8681678705 103.780175557,30.8671944967 103.780238807,30.8672321108
C  153  0  0  103.780364686,30.8673078033 103.780301804,30.8672699292 103.781312832,30.8666465186 103.781389834,30.8666781062
C  153  1  0  103.780301804,30.8672699292 103.780238807,30.8672321108 103.781234512,30.8666154643 103.781312832,30.8666465186
C  153  2  0  103.780238807,30.8672321108 103.780175557,30.8671944967 103.781154902,30.8665850044 103.781234512,30.8666154643
C  154  0  0  103.781389834,30.8666781062 103.781312832,30.8666465186 103.782207518,30.8659811063 103.782296314,30.866018196
C  154  1  0  103.781312832,30.8666465186 103.781234512,30.8666154643 103.782118048,30.8659450976 103.782207518,30.8659811063
C  154  2  0  103.781234512,30.8666154643 103.781154902,30.8665850044 103.782027927,30.8659101845 103.782118048,30.8659450976
C  155  0  0  103.782296314,30.866018196 103.782207518,30.8659811063 103.782832954,30.8651023712 103.782935883,30.8651216068
C  155  1  0  103.782207518,30.8659811063 103.782118048,30.8659450976 103.782730036,30.8650828994 103.782832954,30.8651023712
C  155  2  0  103.782118048,30.8659450976 103.782027927,30.8659101845 103.782627119,30.8650636482 103.782730036,30.8650828994
C  156  0  0  103.782935883,30.8651216068 103.782832954,30.8651023712 103.78258602,30.8640022823 103.782732558,30.8639954365
C  156  1  0  103.782832954,30.8651023712 103.782730036,30.8650828994 103.782445507,30.8640080882 103.78258602,30.8640022823
C  156  2  0  103.782730036,30.8650828994 103.782627119,30.8650636482 103.782309749,30.8640132673 103.782445507,30.8640080882
C  157  0  0  103.782732558,30.8639954365 103.78258602,30.8640022823 103.781518271,30.8632661102 103.781634448,30.8632595928
C  157  1  0  103.78258602,30.8640022823 103.782445507,30.8640080882 103.781399567,30.8632709951 103.781518271,30.8632661102
C  157  2  0  103.782445507,30.8640080882 103.782309749,30.8640132673 103.781277637,30.8632743452 103.781399567,30.8632709951
C  158  0  0  103.781634448,30.8632595928 103.781518271,30.8632661102 103.780897873,30.8624761718 103.781010177,30.8624797109
C  158  1  0  103.781518271,30.8632661102 103.781399567,30.8632709951 103.780785541,30.8624726702 103.780897873,30.8624761718
C  158  2  0  103.781399567,30.8632709951 103.781277637,30.8632743452 103.780673189,30.8624692823 103.780785541,30.8624726702
C  159  0  0  103.781010177,30.8624797109 103.780897873,30.8624761718 103.781741979,30.8620628698 103.781865685,30.8621479722
C  159  1  0  103.780897873,30.8624761718 103.780785541,30.8624726702 103.781621302,30.8619840084 103.781741979,30.8620628698
C  159  2  0  103.780785541,30.8624726702 103.780673189,30.8624692823 103.781501033,30.8619079299 103.781621302,30.8619840084
C  160  0  0  103.781865685,30.8621479722 103.781741979,30.8620628698 103.78267699,30.8619161943 103.782748913,30.8620178493
C  160  1  0  103.781741979,30.8620628698 103.781621302,30.8619840084 103.782615784,30.8618186097 103.78267699,30.8619161943
C  160  2  0  103.781621302,30.8619840084 103.781501033,30.8619079299 103.782562944,30.86172274 103.782615784,30.8618186097
C  161  0  0  103.782748913,30.8620178493 103.78267699,30.8619161943 103.783649204,30.8619520627 103.783686832,30.8620396385
C  161  1  0  103.78267699,30.8619161943 103.782615784,30.8618186097 103.783611658,30.8618644778 103.783649204,30.8619520627
C  161  2  0  103.782615784,30.8618186097 103.782562944,30.86172274 103.783574119,30.8617768942 103.783611658,30.8618644778
C  162  0  0  103.783686832,30.8620396385 103.783649204,30.8619520627 103.784392998,30.8614017406 103.784457739,30.8614732462
C  162  1  0  103.783649204,30.8619520627 103.783611658,30.8618644778 103.784327114,30.861328645 103.784392998,30.8614017406
C  162  2  0  103.783611658,30.8618644778 103.783574119,30.8617768942 103.784260331,30.8612534503 103.784327114,30.861328645
C  163  0  0  103.784457739,30.8614732462 103.784392998,30.8614017406 103.78461376,30.8605516555 103.784696988,30.8605847868
C  163  1  0  103.784392998,30.8614017406 103.784327114,30.861328645 103.784528696,30.8605198938 103.78461376,30.8605516555
C  163  2  0  103.784327114,30.861328645 103.784260331,30.8612534503 103.784442308,30.8604893633 103.784528696,30.8605198938
C  164  0  0  103.784696988,30.8605847868 103.78461376,30.8605516555 103.784321045,30.8596263624 103.784429111,30.8596139071
C  164  1  0  103.78461376,30.8605516555 103.784528696,30.8605198938 103.784213161,30.8596395619 103.784321045,30.8596263624
C  164  2  0  103.784528696,30.8605198938 103.784442308,30.8604893633 103.784105272,30.859652791 103.784213161,30.8596395619
C  165  0  0  103.784429111,30.8596139071 103.784321045,30.8596263624 103.784466049,30.8584253175 103.784558721,30.8584358815
C  165  1  0  103.784321045,30.8596263624 103.784213161,30.8596395619 103.784374717,30.8584131026 103.784466049,30.8584253175
C  165  2  0  103.784213161,30.8596395619 103.784105272,30.859652791 103.784284531,30.8583991848 103.784374717,30.8584131026
C  166  0  0  103.784558721,30.8584358815 103.784466049,30.8584253175 103.785389046,30.8572665373 103.785455157,30.8572732141
C  166  1  0  103.784466049,30.8584253175 103.784374717,30.8584131026 103.785324977,30.8572593111 103.785389046,30.8572665373
C  166  2  0  103.784374717,30.8584131026 103.784284531,30.8583991848 103.785262749,30.8572515255 103.785324977,30.8572593111
C  167  0  0  103.785455157,30.8572732141 103.785389046,30.8572665373 103.785861424,30.8562930245 103.785911779,30.8563195691
C  167  1  0  103.785389046,30.8572665373 103.785324977,30.8572593111 103.785810713,30.8562673012 103.785861424,30.8562930245
C  167  2  0  103.785324977,30.8572593111 103.785262749,30.8572515255 103.785759924,30.8562416599 103.785810713,30.8562673012
C  168  0  0  103.785911779,30.8563195691 103.785861424,30.8562930245 103.786239034,30.8558089761 103.786287661,30.855862489
C  168  1  0  103.785861424,30.8562930245 103.785810713,30.8562673012 103.786190455,30.8557586301 103.786239034,30.8558089761
C  168  2  0  103.785810713,30.8562673012 103.785759924,30.8562416599 103.786141904,30.8557112074 103.786190455,30.8557586301
C  169  0  0  103.786287661,30.855862489 103.786239034,30.8558089761 103.786596553,30.855485706 103.786631523,30.8555575573
C  169  1  0  103.786239034,30.8558089761 103.786190455,30.8557586301 103.786559483,30.8554170511 103.786596553,30.855485706
C  169  2  0  103.786190455,30.8557586301 103.786141904,30.8557112074 103.786520643,30.8553516463 103.786559483,30.8554170511
C  170  0  0  103.786631523,30.8555575573 103.786596553,30.855485706 103.787158951,30.8551956613 103.787192977,30.8552855198
C  170  1  0  103.786596553,30.855485706 103.786559483,30.8554170511 103.787124449,30.8551059105 103.787158951,30.8551956613
C  170  2  0  103.786559483,30.8554170511 103.786520643,30.8553516463 103.787089562,30.8550162496 103.787124449,30.8551059105
C  171  0  0  103.787192977,30.8552855198 103.787158951,30.8551956613 103.788551012,30.8549853726 103.788560421,30.855067017
C  171  1  0  103.787158951,30.8551956613 103.787124449,30.8551059105 103.788541113,30.8549026276 103.788551012,30.8549853726
C  171  2  0  103.787124449,30.8551059105 103.787089562,30.8550162496 103.788530714,30.8548189068 103.788541113,30.8549026276
C  172  0  0  103.788560421,30.855067017 103.788551012,30.8549853726 103.790284441,30.8548874044 103.790312517,30.8549769788
C  172  1  0  103.788551012,30.8549853726 103.788541113,30.8549026276 103.790255553,30.8547982732 103.790284441,30.8548874044
C  172  2  0  103.788541113,30.8549026276 103.788530714,30.8548189068 103.790225912,30.8547097664 103.790255553,30.8547982732
C  173  0  0  103.790312517,30.8549769788 103.790284441,30.8548874044 103.791159639,30.8545186716 103.791230846,30.854597249
C  173  1  0  103.790284441,30.8548874044 103.790255553,30.8547982732 103.791088377,30.8544401189 103.791159639,30.8545186716
C  173  2  0  103.790255553,30.8547982732 103.790225912,30.8547097664 103.791016753,30.8543618919 103.791088377,30.8544401189
C  174  0  0  103.791230846,30.854597249 103.791159639,30.8545186716 103.791407456,30.854340221 103.791501661,30.8544082836
C  174  1  0  103.791159639,30.8545186716 103.791088377,30.8544401189 103.791307119,30.8542736725 103.791407456,30.854340221
C  174  2  0  103.791088377,30.8544401189 103.791016753,30.8543618919 103.791189122,30.8542032646 103.791307119,30.8542736725
C  175  0  0  103.791501661,30.8544082836 103.791407456,30.854340221 103.791527297,30.8542193532 103.791649774,30.854264365
C  175  1  0  103.791407456,30.854340221 103.791307119,30.8542736725 103.791410678,30.8541681404 103.791527297,30.8542193532
C  175  2  0  103.791307119,30.8542736725 103.791189122,30.8542032646 103.791286363,30.8541037843 103.791410678,30.8541681404
C  176  0  0  103.791649774,30.854264365 103.791527297,30.8542193532 103.791620916,30.853961662 103.791727289,30.8539829751
C  176  1  0  103.791527297,30.8542193532 103.791410678,30.8541681404 103.791514569,30.8539408039 103.791620916,30.853961662
C  176  2  0  103.791410678,30.8541681404 103.791286363,30.8541037843 103.791408241,30.8539198984 103.791514569,30.8539408039
C  177  0  0  103.791727289,30.8539829751 103.791620916,30.853961662 103.791591481,30.8533026576 103.791699947,30.8533005163
C  177  1  0  103.791620916,30.853961662 103.791514569,30.8539408039 103.791483601,30.8533055956 103.791591481,30.8533026576
C  177  2  0  103.791514569,30.8539408039 103.791408241,30.8539198984 103.791376109,30.853309339 103.791483601,30.8533055956
C  178  0  0  103.791699947,30.8533005163 103.791591481,30.8533026576 103.791496287,30.8521764955 103.791610713,30.8521832333
C  178  1  0  103.791591481,30.8533026576 103.791483601,30.8533055956 103.791382166,30.8521695157 103.791496287,30.8521764955
C  178  2  0  103.791483601,30.8533055956 103.791376109,30.853309339 103.791268042,30.8521623237 103.791382166,30.8521695157
C  179  0  0  103.791610713,30.8521832333 103.791496287,30.8521764955 103.791517416,30.8508006696 103.791618555,30.850831653
C  179  1  0  103.791496287,30.8521764955 103.791382166,30.8521695157 103.791416373,30.8507694298 103.791517416,30.8508006696
C  179  2  0  103.791382166,30.8521695157 103.791268042,30.8521623237 103.791315247,30.8507382357 103.791416373,30.8507694298
C  180  0  0  103.791618555,30.850831653 103.791517416,30.8508006696 103.792967172,30.8498952421 103.793104927,30.8500033716
C  180  1  0  103.791517416,30.8508006696 103.791416373,30.8507694298 103.792836334,30.8497940057 103.792967172,30.8498952421
C  180  2  0  103.791416373,30.8507694298 103.791315247,30.8507382357 103.792710445,30.8496975097 103.792836334,30.8497940057
C  181  0  0  103.793104927,30.8500033716 103.792967172,30.8498952421 103.794434414,30.8485801357 103.794496492,30.848659491
C  181  1  0  103.792967172,30.8498952421 103.792836334,30.8497940057 103.794378137,30.8485000098 103.794434414,30.8485801357
C  181  2  0  103.792836334,30.8497940057 103.792710445,30.8496975097 103.794327408,30.8484190094 103.794378137,30.8485000098
C  182  0  0  103.794496492,30.848659491 103.794434414,30.8485801357 103.79615096,30.8480514128 103.796166344,30.8481211628
C  182  1  0  103.794434414,30.8485801357 103.794378137,30.8485000098 103.796135395,30.8479816458 103.79615096,30.8480514128
C  182  2  0  103.794378137,30.8485000098 103.794327408,30.8484190094 103.796119504,30.8479119205 103.796135395,30.8479816458
C  183  0  0  103.796166344,30.8481211628 103.79615096,30.8480514128 103.797597428,30.8482573303 103.797595646,30.8483636895
C  183  1  0  103.79615096,30.8480514128 103.796135395,30.8479816458 103.797596727,30.8481506908 103.797597428,30.8482573303
C  183  2  0  103.796135395,30.8479816458 103.796119504,30.8479119205 103.797593792,30.8480431109 103.797596727,30.8481506908
C  184  0  0  103.797595646,30.8483636895 103.797597428,30.8482573303 103.798733076,30.848793406 103.798702067,30.8488923483
C  184  1  0  103.797597428,30.8482573303 103.797596727,30.8481506908 103.798765443,30.8486967087 103.798733076,30.848793406
C  184  2  0  103.797596727,30.8481506908 103.797593792,30.8480431109 103.79879934,30.8486015839 103.798765443,30.8486967087
C  185  0  0  103.798702067,30.8488923483 103.798733076,30.848793406 103.799679583,30.849121155 103.799661491,30.8492022312
C  185  1  0  103.798733076,30.848793406 103.798765443,30.8486967087 103.799698144,30.8490401789 103.799679583,30.849121155
C  185  2  0  103.798765443,30.8486967087 103.79879934,30.8486015839 103.799716194,30.8489591234 103.799698144,30.8490401789
C  186  0  0  103.799661491,30.8492022312 103.799679583,30.849121155 103.800348669,30.8491466576 103.800365817,30.8492454417
C  186  1  0  103.799679583,30.849121155 103.799698144,30.8490401789 103.800329095,30.8490436861 103.800348669,30.8491466576
C  186  2  0  103.799698144,30.8490401789 103.799716194,30.8489591234 103.800307177,30.8489330323 103.800329095,30.8490436861
C  187  0  0  103.800365817,30.8492454417 103.800348669,30.8491466576 103.800813423,30.8488833555 103.800861073,30.8489420328
C  187  1  0  103.800348669,30.8491466576 103.800329095,30.8490436861 103.800760596,30.8488217362 103.800813423,30.8488833555
C  187  2  0  103.800329095,30.8490436861 103.800307177,30.8489330323 103.800703833,30.8487576713 103.800760596,30.8488217362
C  188  0  1  103.800861073,30.8489420328 103.800813423,30.8488833555 103.801250985,30.8484077946 103.801362903,30.8484489048
C  188  1  1  103.800813423,30.8488833555 103.800760596,30.8488217362 103.801139398,30.8483661675 103.801250985,30.8484077946
C  188  2  1  103.800760596,30.8488217362 103.800703833,30.8487576713 103.801027827,30.8483245229 103.801139398,30.8483661675
